16:28:13.003         1     282.00    35.25  131072 100.00    6.072    6.072    0.000  113.522   14.947   1.8   4.7   1.0
16:28:14.041         2     505.00    63.13  131072 100.00    6.038    6.038    0.000   94.423   13.512   3.0   2.3   0.5
16:28:15.040         3     511.00    63.88  131072 100.00    5.872    5.872    0.000  111.146   14.109   3.0   3.5   1.5
16:28:16.043         4     625.00    78.13  131072 100.00    4.742    4.742    0.000   72.919   11.510   3.0   3.3   1.0
16:28:17.044         5     613.00    76.63  131072 100.00    4.935    4.935    0.000  134.852   13.844   3.0   2.3   1.3
16:28:18.040         6     674.00    84.25  131072 100.00    4.435    4.435    0.000  162.650   13.630   3.0   4.5   1.5
16:28:19.040         7     425.00    53.13  131072 100.00    7.069    7.069    0.000  141.097   17.120   3.0   3.3   1.3
16:28:20.040         8     649.00    81.13  131072 100.00    4.616    4.616    0.000   83.549   11.517   3.0   4.3   2.0
16:28:21.043         9     635.00    79.38  131072 100.00    4.680    4.680    0.000   88.642   11.894   3.0   2.5   1.0
16:28:22.041        10     682.00    85.25  131072 100.00    4.349    4.349    0.000   73.138   11.271   3.0   3.3   1.0
16:28:23.042        11     622.00    77.75  131072 100.00    4.916    4.916    0.000   94.126   12.553   3.0   2.3   1.0
16:28:24.041        12     548.00    68.50  131072 100.00    5.478    5.478    0.000  120.062   13.973   3.0   2.8   1.0
16:28:25.040        13     664.00    83.00  131072 100.00    4.488    4.488    0.000  104.503   12.180   3.0   2.3   1.0
16:28:26.041        14     604.00    75.50  131072 100.00    4.958    4.958    0.000   82.303   12.666   3.0   4.0   1.3
16:28:27.040        15     596.00    74.50  131072 100.00    5.027    5.027    0.000  105.977   11.356   3.0   2.5   1.0
16:28:28.045        16     601.00    75.13  131072 100.00    5.039    5.039    0.000   85.743   12.971   3.0   2.8   1.3
16:28:29.040        17     536.00    67.00  131072 100.00    5.566    5.566    0.000   91.002   13.825   3.0   2.8   0.5
16:28:30.041        18     772.00    96.50  131072 100.00    3.837    3.837    0.000   76.835   10.347   3.0   3.0   1.5
16:28:31.043        19     625.00    78.13  131072 100.00    4.862    4.862    0.000  130.690   13.820   3.0   3.5   2.2
16:28:32.040        20     577.00    72.13  131072 100.00    5.159    5.159    0.000  104.067   13.346   3.0   3.8   1.0
16:28:33.041        21     553.00    69.13  131072 100.00    5.394    5.394    0.000  100.992   13.573   3.0   4.2   1.0
16:28:34.040        22     575.00    71.88  131072 100.00    5.290    5.290    0.000   79.661   12.180   3.0   4.2   1.7
16:28:35.045        23     623.00    77.88  131072 100.00    4.954    4.954    0.000  101.108   13.385   3.1   2.7   1.5
16:28:36.040        24     723.00    90.38  131072 100.00    4.035    4.035    0.000   68.745   10.409   2.9   2.6   1.0
16:28:37.045        25     700.00    87.50  131072 100.00    4.256    4.256    0.000   77.796   10.864   3.0   3.3   1.5
16:28:38.040        26     623.00    77.88  131072 100.00    4.845    4.845    0.000  126.409   12.420   3.0   2.3   1.3
16:28:39.043        27     630.00    78.75  131072 100.00    4.697    4.697    0.000  104.125   12.129   3.0   2.0   1.0
16:28:40.040        28     595.00    74.38  131072 100.00    5.066    5.066    0.000  106.556   13.731   3.0   3.0   1.0
16:28:41.045        29     513.00    64.13  131072 100.00    5.905    5.905    0.000  108.206   14.087   3.0   3.5   1.0
16:28:42.042        30     620.00    77.50  131072 100.00    4.801    4.801    0.000  101.774   12.346   3.0   3.6   1.5
16:28:42.046        31     607.55    75.94  131072 100.00    4.937    4.937    0.000  162.650   12.721   3.0   3.1   1.2