15:53:24.015         1       1.00     0.00    4096 100.00    0.020    0.020    0.000    0.020    0.000   4.3   5.7   0.6
15:53:25.665         2     220.00     0.86    4096 100.00   39.403   39.403    0.000  934.619  175.343  12.9   3.1   0.8
15:53:26.041         3    3552.00    13.88    4096 100.00    3.256    3.256    0.000 1106.992   52.602   3.0   8.7   1.3
15:53:27.043         4   14624.00    57.13    4096 100.00    0.545    0.545    0.000   10.984    1.005   8.0   5.5   2.8
15:53:28.041         5    8896.00    34.75    4096 100.00    0.568    0.568    0.000    4.229    1.015   8.0   4.1   2.5
15:53:29.042         6     128.00     0.50    4096 100.00   73.155   73.155    0.000  591.117  194.310   8.0   1.3   0.3
15:53:30.041         7     128.00     0.50    4096 100.00   62.070   62.070    0.000  608.580  169.582   8.0  11.8   0.0
15:53:31.040         8     224.00     0.88    4096 100.00   22.244   22.244    0.000  406.173   84.179   8.0   5.8   1.0
15:53:32.004         9    7712.00    30.13    4096 100.00    1.641    1.641    0.000  939.071   30.359   8.0   4.6   1.0
15:53:33.040        10   14048.00    54.88    4096 100.00    0.567    0.567    0.000    4.979    1.019   8.0   6.6   2.8
15:53:34.041        11   14176.00    55.38    4096 100.00    0.564    0.564    0.000    4.871    1.019   8.0   4.5   2.0
15:53:35.040        12   12847.00    50.18    4096 100.00    0.621    0.621    0.000   68.510    2.394   8.0   4.8   2.5
15:53:36.040        13   14364.00    56.11    4096 100.00    0.555    0.555    0.000   47.014    1.525   8.0   4.3   1.8
15:53:37.040        14   14997.00    58.58    4096 100.00    0.530    0.530    0.000    4.218    0.954   8.0   4.3   2.6
15:53:38.040        15   14400.00    56.25    4096 100.00    0.555    0.555    0.000    4.234    0.995   8.0   4.1   2.3
15:53:39.040        16   13472.00    52.63    4096 100.00    0.592    0.592    0.000   62.316    1.863   8.0   3.6   1.3
15:53:40.044        17   14080.00    55.00    4096 100.00    0.568    0.568    0.000    4.981    1.017   8.0   4.6   3.1
15:53:41.040        18   10944.00    42.75    4096 100.00    0.727    0.727    0.000  180.300    5.156   8.0   3.6   1.5
15:53:42.040        19   14272.00    55.75    4096 100.00    0.560    0.560    0.000   38.576    1.414   8.0   4.3   2.5
15:53:43.040        20   14976.00    58.50    4096 100.00    0.532    0.532    0.000    4.802    0.955   8.0   5.9   4.8
15:53:44.040        21   12704.00    49.63    4096 100.00    0.629    0.629    0.000   80.476    3.024   8.0   8.6   6.8
15:53:45.040        22   14336.00    56.00    4096 100.00    0.557    0.557    0.000   13.726    1.040   8.0   9.1   7.1
15:53:46.041        23   12960.00    50.63    4096 100.00    0.615    0.615    0.000   64.725    2.074   8.0   7.7   7.1
15:53:47.040        24   14080.00    55.00    4096 100.00    0.568    0.568    0.000    5.759    1.028   8.0   8.6   6.1
15:53:48.041        25   11744.00    45.88    4096 100.00    0.678    0.678    0.000   97.925    3.417   8.0   5.8   4.1
15:53:49.040        26   14304.00    55.88    4096 100.00    0.557    0.557    0.000   36.888    1.314   8.0  10.2   3.0
15:53:50.041        27   13855.00    54.12    4096 100.00    0.576    0.576    0.000   86.217    2.342   8.0   3.3   2.5
15:53:51.040        28   14019.00    54.76    4096 100.00    0.570    0.570    0.000   82.087    2.274   8.0   4.3   2.8
15:53:52.040        29   13632.00    53.25    4096 100.00    0.584    0.584    0.000   68.167    2.114   8.0   4.0   2.3
15:53:53.042        30   14112.00    55.13    4096 100.00    0.566    0.566    0.000    5.634    1.021   8.0   4.8   2.3
15:53:53.624  		31   11165.72    43.62    4096 100.00    0.728    0.728    0.000 1106.992   10.615   8.0   5.5   2.8