16:12:45.007         1     233.00     0.91    4096 100.00   17.276   17.276    0.000  257.991   32.761   4.7  11.9   0.8
16:12:46.040         2      21.00     0.08    4096 100.00  339.046  339.046    0.000  906.983  422.547   8.0   2.3   0.3
16:12:47.041         3     145.00     0.57    4096 100.00   62.264   62.264    0.000  534.746  119.427   8.0   2.0   0.5
16:12:48.046         4     361.00     1.41    4096 100.00   22.689   22.689    0.000  568.691   47.937   8.0   2.3   0.8
16:12:49.050         5     355.00     1.39    4096 100.00   22.636   22.636    0.000  224.591   38.960   8.0   3.0   1.0
16:12:50.040         6     320.00     1.25    4096 100.00   24.718   24.718    0.000  441.343   52.571   8.0   4.0   1.0
16:12:51.041         7     268.00     1.05    4096 100.00   30.057   30.057    0.000  356.784   51.838   8.0   5.1   0.8
16:12:52.040         8     367.00     1.43    4096 100.00   22.075   22.075    0.000  338.019   38.909   8.0   3.3   1.0
16:12:53.040         9     397.00     1.55    4096 100.00   19.965   19.965    0.000  172.051   35.044   8.0   2.0   0.5
16:12:54.040        10     383.00     1.50    4096 100.00   20.098   20.098    0.000  203.292   32.196   8.0   2.5   0.5
16:12:55.041        11     447.00     1.75    4096 100.00   18.050   18.050    0.000  262.873   34.322   8.0   2.0   0.3
16:12:56.040        12     225.00     0.88    4096 100.00   36.804   36.804    0.000  436.881   61.422   8.0   7.8   1.5
16:12:57.045        13     193.00     0.75    4096 100.00   38.894   38.894    0.000  263.099   64.390   8.0   1.8   0.0
16:12:58.041        14     187.00     0.73    4096 100.00   44.042   44.042    0.000  174.864   56.828   8.0   6.3   0.5
16:12:59.040        15     335.00     1.31    4096 100.00   24.746   24.746    0.000  213.485   35.625   8.0   1.5   0.5
16:13:00.045        16     362.00     1.41    4096 100.00   21.717   21.717    0.000  148.636   26.942   8.0   2.3   0.5
16:13:01.040        17     363.00     1.42    4096 100.00   22.340   22.340    0.000  259.952   33.557   8.0   2.0   0.3
16:13:02.040        18     406.00     1.59    4096 100.00   19.281   19.281    0.000  309.299   30.088   8.0   1.3   0.0
16:13:03.040        19     385.00     1.50    4096 100.00   21.241   21.241    0.000  222.826   29.850   8.0   1.8   0.5
16:13:04.045        20     380.00     1.48    4096 100.00   20.949   20.949    0.000  237.685   36.934   8.0   2.0   1.0
16:13:05.045        21     354.00     1.38    4096 100.00   22.515   22.515    0.000  333.263   37.158   8.0   1.8   0.3
16:13:06.041        22     366.00     1.43    4096 100.00   21.687   21.687    0.000  157.661   31.672   8.0   1.8   0.5
16:13:07.040        23     383.00     1.50    4096 100.00   20.722   20.722    0.000  235.623   33.200   8.0   1.8   0.3
16:13:08.040        24     403.00     1.57    4096 100.00   20.162   20.162    0.000  424.135   39.822   8.0   2.0   0.5
16:13:09.044        25     401.00     1.57    4096 100.00   20.159   20.159    0.000  236.728   29.693   8.0   1.5   0.5
16:13:10.043        26     349.00     1.36    4096 100.00   22.883   22.883    0.000  247.000   38.916   8.0   0.8   0.3
16:13:11.040        27     297.00     1.16    4096 100.00   26.231   26.231    0.000  189.584   34.291   8.0   3.3   0.8
16:13:12.043        28     336.00     1.31    4096 100.00   23.673   23.673    0.000  267.226   42.668   8.0   1.8   0.3
16:13:13.044        29     473.00     1.85    4096 100.00   17.059   17.059    0.000  711.703   43.758   8.0   1.3   0.3
16:13:14.041        30     455.00     1.78    4096 100.00   17.522   17.522    0.000  250.641   32.946   8.0   5.6   1.0
16:13:14.048        31     335.07     1.31    4096 100.00   23.897   23.897    0.000  906.983   48.475   8.0   2.6   0.5
