16:14:49.003         1     143.00     8.94   65536 100.00   31.533   31.533    0.000  222.087   43.063   4.8  15.7   2.0
16:14:50.040         2     325.00    20.31   65536 100.00   24.559   24.559    0.000  281.825   37.184   8.0   3.8   1.0
16:14:51.041         3     374.00    23.38   65536 100.00   21.273   21.273    0.000  435.876   39.223   8.0   1.5   0.3
16:14:52.040         4     336.00    21.00   65536 100.00   23.618   23.618    0.000  250.197   36.508   8.0   4.8   1.5
16:14:53.040         5     274.00    17.13   65536 100.00   29.738   29.738    0.000  201.999   46.173   8.0  10.8   0.8
16:14:54.041         6     378.00    23.63   65536 100.00   21.366   21.366    0.000  379.296   38.175   8.0  10.3   1.3
16:14:55.040         7     316.00    19.75   65536 100.00   24.907   24.907    0.000  244.699   36.184   8.0   2.5   0.5
16:14:56.040         8     349.00    21.81   65536 100.00   23.075   23.075    0.000  938.086   59.211   8.0   3.0   1.3
16:14:57.040         9     356.00    22.25   65536 100.00   22.283   22.283    0.000  270.916   37.930   8.0   2.3   0.8
16:14:58.040        10     388.00    24.25   65536 100.00   20.519   20.519    0.000  194.644   34.020   8.0   3.0   0.8
16:14:59.040        11     279.00    17.44   65536 100.00   29.017   29.017    0.000  247.191   49.766   8.0   3.5   0.8
16:15:00.044        12     350.00    21.88   65536 100.00   22.779   22.779    0.000  415.817   40.819   8.0   2.8   1.3
16:15:01.040        13     369.00    23.06   65536 100.00   21.722   21.722    0.000  427.741   38.831   8.0   3.5   0.8
16:15:02.040        14     382.00    23.88   65536 100.00   20.066   20.066    0.000  209.808   34.036   8.0   3.3   1.0
16:15:03.040        15     332.00    20.75   65536 100.00   25.122   25.122    0.000  370.709   47.528   8.0   3.5   0.8
16:15:04.042        16     328.00    20.50   65536 100.00   24.295   24.295    0.000  381.274   44.992   8.0   2.0   0.5
16:15:05.040        17     424.00    26.50   65536 100.00   18.825   18.825    0.000  376.854   36.761   8.0   2.0   0.5
16:15:06.040        18     351.00    21.94   65536 100.00   22.908   22.908    0.000  534.390   52.416   8.0   3.5   1.5
16:15:07.040        19     305.00    19.06   65536 100.00   25.866   25.866    0.000  299.253   42.958   8.0   6.1   0.3
16:15:08.039        20     334.00    20.88   65536 100.00   24.416   24.416    0.000  433.453   44.682   8.0   4.0   1.5
16:15:09.043        21     405.00    25.31   65536 100.00   19.605   19.605    0.000  227.962   34.627   8.0   1.8   0.8
16:15:10.039        22     355.00    22.19   65536 100.00   22.744   22.744    0.000  515.841   43.811   8.0   2.3   0.8
16:15:11.040        23     409.00    25.56   65536 100.00   19.472   19.472    0.000  208.249   33.247   8.0   2.0   1.0
16:15:12.039        24     204.00    12.75   65536 100.00   38.477   38.477    0.000  322.234   73.429   8.0   2.3   0.8
16:15:13.040        25     271.00    16.94   65536 100.00   29.238   29.238    0.000  292.850   47.269   8.0   1.0   0.5
16:15:14.039        26     389.00    24.31   65536 100.00   20.754   20.754    0.000  349.130   37.940   8.0   4.3   0.8
16:15:15.039        27     454.00    28.38   65536 100.00   17.310   17.310    0.000  211.230   34.895   8.0   2.8   0.8
16:15:16.040        28     390.00    24.38   65536 100.00   21.215   21.215    0.000  255.680   41.594   8.0   4.5   1.0
16:15:17.039        29     447.00    27.94   65536 100.00   17.941   17.941    0.000  231.014   32.803   8.0   2.8   1.0
16:15:18.040        30     395.00    24.69   65536 100.00   20.328   20.328    0.000  235.713   38.122   8.0   2.8   1.3
16:15:18.042        31     354.10    22.13   65536 100.00   22.597   22.597    0.000  938.086   41.776   8.0   3.5   0.9