16:15:20.003         1     193.00    24.13  131072 100.00   22.145   22.145    0.000  180.615   35.373   4.8   4.3   0.8
16:15:21.040         2     273.00    34.13  131072 100.00   27.611   27.611    0.000  411.820   54.301   8.0   2.8   1.5
16:15:22.040         3     293.00    36.63  131072 100.00   29.163   29.163    0.000  317.600   52.671   8.0   2.5   1.2
16:15:23.042         4     261.00    32.63  131072 100.00   29.345   29.345    0.000  302.306   42.595   8.0   2.0   1.0
16:15:24.043         5     250.00    31.25  131072 100.00   32.513   32.513    0.000  620.185   63.327   8.0   1.5   0.5
16:15:25.041         6     298.00    37.25  131072 100.00   27.981   27.981    0.000  463.674   51.373   8.0   2.5   1.3
16:15:26.039         7     302.00    37.75  131072 100.00   26.600   26.600    0.000  419.841   50.323   8.0   1.8   0.8
16:15:27.042         8     333.00    41.63  131072 100.00   23.210   23.210    0.000  231.347   39.425   8.0   2.8   1.0
16:15:28.039         9     316.00    39.50  131072 100.00   25.807   25.807    0.000  426.935   48.189   8.0   2.5   0.8
16:15:29.039        10     292.00    36.50  131072 100.00   26.669   26.669    0.000  281.865   44.684   8.0   3.8   1.3
16:15:30.046        11     260.00    32.50  131072 100.00   32.026   32.026    0.000  415.537   55.597   8.0   2.0   0.5
16:15:31.044        12     357.00    44.63  131072 100.00   22.541   22.541    0.000  224.125   39.262   8.3   1.5   0.5
16:15:32.040        13     317.00    39.63  131072 100.00   24.323   24.323    0.000  278.587   45.642   7.7   1.3   0.0
16:15:33.040        14     302.00    37.75  131072 100.00   27.173   27.173    0.000  227.993   44.080   8.0   3.8   1.3
16:15:34.041        15     307.00    38.38  131072 100.00   25.272   25.272    0.000  342.561   47.621   8.0   2.3   0.8
16:15:35.041        16     272.00    34.00  131072 100.00   30.477   30.477    0.000  365.417   52.323   8.0   1.5   0.8
16:15:36.040        17     285.00    35.63  131072 100.00   27.323   27.323    0.000  198.968   43.699   8.0   1.8   0.8
16:15:37.039        18     268.00    33.50  131072 100.00   28.921   28.921    0.000  408.946   54.432   8.0   2.8   0.8
16:15:38.040        19     350.00    43.75  131072 100.00   23.734   23.734    0.000  567.004   46.166   8.0   2.0   0.5
16:15:39.039        20     374.00    46.75  131072 100.00   20.972   20.972    0.000  374.057   45.173   8.0   2.3   0.5
16:15:40.039        21     302.00    37.75  131072 100.00   27.248   27.248    0.000  383.126   51.132   8.0   2.8   1.3
16:15:41.040        22     331.00    41.38  131072 100.00   24.377   24.377    0.000  234.552   40.291   8.0   1.8   0.8
16:15:42.040        23     246.00    30.75  131072 100.00   30.264   30.264    0.000  373.191   58.499   8.0   2.5   1.0
16:15:43.039        24     360.00    45.00  131072 100.00   22.586   22.586    0.000 1088.366   68.470   8.0   3.0   2.3
16:15:44.915        25     347.00    43.38  131072 100.00   23.112   23.112    0.000  601.815   50.861   8.0   6.9   5.8
16:15:45.002        26     316.00    39.50  131072 100.00   23.926   23.926    0.000  348.286   47.016   8.0   8.6   6.1
16:15:46.039        27     373.00    46.63  131072 100.00   23.419   23.419    0.000  369.883   52.913   8.0   6.8   5.6
16:15:47.039        28     309.00    38.63  131072 100.00   25.428   25.428    0.000  247.511   41.305   8.0   6.0   5.5
16:15:48.039        29     384.00    48.00  131072 100.00   21.042   21.042    0.000  385.211   43.697   8.0   5.3   2.8
16:15:49.045        30     413.00    51.63  131072 100.00   19.575   19.575    0.000  214.635   36.634   8.0   1.8   0.5
16:15:49.048        31     313.48    39.19  131072 100.00   25.536   25.536    0.000 1088.366   48.868   8.0   3.1   1.6