16:16:22.003         1      57.00    28.50  524288 100.00   76.578   76.578    0.000  333.257   84.767   4.9   6.3   0.8
16:16:23.040         2     121.00    60.50  524288 100.00   64.194   64.194    0.000  280.108   67.981   8.0  11.2   1.0
16:16:24.039         3     125.00    62.50  524288 100.00   64.992   64.992    0.000  528.763   84.980   8.0   8.8   1.5
16:16:25.043         4     132.00    66.00  524288 100.00   61.003   61.003    0.000  463.064   79.519   8.0   2.5   0.8
16:16:26.039         5     140.00    70.00  524288 100.00   56.084   56.084    0.000  333.307   67.208   8.0   5.6   1.0
16:16:27.040         6     100.00    50.00  524288 100.00   82.166   82.166    0.000  443.057  100.372   8.0   2.5   1.3
16:16:28.040         7     170.00    85.00  524288 100.00   47.366   47.366    0.000  427.747   62.806   8.0   3.8   1.5
16:16:29.039         8     156.00    78.00  524288 100.00   51.370   51.370    0.000  305.787   64.320   8.0   2.8   1.3
16:16:30.040         9     148.00    74.00  524288 100.00   53.148   53.148    0.000  318.115   68.083   8.0   7.1   1.5
16:16:31.039        10     148.00    74.00  524288 100.00   54.823   54.823    0.000  278.759   68.129   8.0   8.8   1.5
16:16:32.041        11     154.00    77.00  524288 100.00   52.067   52.067    0.000  467.447   67.383   8.0   4.8   1.5
16:16:33.039        12     137.00    68.50  524288 100.00   58.793   58.793    0.000  375.518   71.581   8.0   3.5   1.8
16:16:34.040        13     136.00    68.00  524288 100.00   54.707   54.707    0.000  385.184   84.496   8.0   2.5   0.8
16:16:35.042        14     182.00    91.00  524288 100.00   47.590   47.590    0.000  357.585   70.377   8.0   2.8   1.3
16:16:36.039        15     167.00    83.50  524288 100.00   44.967   44.967    0.000  610.495   77.428   8.0   4.1   1.0
16:16:37.039        16     177.00    88.50  524288 100.00   46.756   46.756    0.000  337.902   64.811   8.0   6.0   0.5
16:16:38.039        17     194.00    97.00  524288 100.00   40.801   40.801    0.000  299.638   66.234   8.0   9.3   1.3
16:16:39.042        18     165.00    82.50  524288 100.00   47.372   47.372    0.000  323.247   67.866   8.0   3.5   0.5
16:16:40.041        19     154.00    77.00  524288 100.00   54.328   54.328    0.000  336.744   70.910   8.0   2.5   1.5
16:16:41.039        20     232.00   116.00  524288 100.00   34.348   34.348    0.000  617.385   69.082   8.0   3.5   2.0
16:16:42.040        21     182.00    91.00  524288 100.00   41.443   41.443    0.000  433.797   71.639   8.0   3.0   1.5
16:16:43.041        22     230.00   115.00  524288 100.00   35.846   35.846    0.000  368.374   61.852   8.0   2.0   1.3
16:16:44.040        23     197.00    98.50  524288 100.00   41.897   41.897    0.000  402.706   78.354   8.0   6.2   2.0
16:16:45.040        24     189.00    94.50  524288 100.00   40.164   40.164    0.000  301.680   63.191   8.0   2.5   1.5
16:16:46.040        25     246.00   123.00  524288 100.00   31.958   31.958    0.000  322.344   57.448   8.0   3.8   1.5
16:16:47.039        26     169.00    84.50  524288 100.00   45.090   45.090    0.000  373.446   78.436   8.0   3.2   2.0
16:16:48.040        27     227.00   113.50  524288 100.00   38.492   38.492    0.000  503.687   77.899   8.0   1.8   1.0
16:16:49.039        28     282.00   141.00  524288 100.00   28.548   28.548    0.000  530.213   63.690   8.0   3.3   1.5
16:16:50.039        29     293.00   146.50  524288 100.00   28.034   28.034    0.000  327.360   53.786   8.0   3.0   1.5
16:16:52.966        30     261.00   130.50  524288 100.00   29.062   29.062    0.000  443.164   63.175   8.0   3.5   2.2
16:16:52.968        31     179.79    89.90  524288 100.00   44.455   44.455    0.000  617.385   70.272   8.0   4.4   1.4