16:16:55.002         1     139.00   139.00 1048576 100.00   39.559   39.559    0.000  347.844   63.759   6.3   3.1   1.3
16:16:56.041         2     165.00   165.00 1048576 100.00   50.932   50.932    0.000  387.463   73.759   8.0   2.3   1.5
16:16:57.039         3     220.00   220.00 1048576 100.00   34.015   34.015    0.000  383.031   64.475   8.0   3.5   2.0
16:16:58.040         4     189.00   189.00 1048576 100.00   41.557   41.557    0.000  332.027   74.290   8.0   3.7   2.2
16:16:59.039         5     202.00   202.00 1048576 100.00   42.091   42.091    0.000  524.459   80.367   8.0   3.3   1.5
16:17:00.039         6     232.00   232.00 1048576 100.00   34.843   34.843    0.000  393.746   66.457   8.0   3.0   2.5
16:17:01.041         7     267.00   267.00 1048576 100.00   29.059   29.059    0.000  354.376   57.180   8.3   3.6   1.7
16:17:02.040         8     251.00   251.00 1048576 100.00   30.814   30.814    0.000  426.208   64.547   7.7   3.4   2.3
16:17:03.039         9     278.00   278.00 1048576 100.00   30.970   30.970    0.000  529.749   79.039   8.0   2.8   1.5
16:17:04.040        10     347.00   347.00 1048576 100.00   22.437   22.437    0.000  481.495   53.044   8.0   5.0   2.8
16:17:05.039        11     309.00   309.00 1048576 100.00   25.173   25.173    0.000  390.864   66.642   8.0   3.3   1.5
16:17:06.039        12     483.00   483.00 1048576 100.00   16.337   16.337    0.000  416.995   48.238   8.0   6.7   4.4
16:17:07.039        13     403.00   403.00 1048576 100.00   20.348   20.348    0.000  501.051   58.219   8.0   3.1   2.0
16:17:08.040        14     502.00   502.00 1048576 100.00   15.255   15.255    0.000  630.227   53.613   8.0   6.0   3.5
16:17:09.039        15     670.00   670.00 1048576 100.00   12.405   12.405    0.000  672.982   50.140   8.0   7.0   5.3
16:17:10.039        16     790.00   790.00 1048576 100.00    9.743    9.743    0.000  408.968   37.597   8.0   6.8   5.1
16:17:11.039        17     833.00   833.00 1048576 100.00   10.255   10.255    0.000  443.708   43.704   8.0   7.6   6.1
16:17:12.040        18    1486.00  1486.00 1048576 100.00    5.251    5.251    0.000  377.199   28.573   8.0  10.7   8.4
16:17:13.043        19    3415.00  3415.00 1048576 100.00    2.474    2.474    0.000  342.867   16.884   8.0  35.0  33.2
16:17:14.051        20    3763.00  3763.00 1048576 100.00    2.167    2.167    0.000  389.453   14.007   8.0  75.0  66.5
16:17:15.046        21    4383.00  4383.00 1048576 100.00    1.821    1.821    0.000   33.837    3.325   8.0  99.8  94.3
16:17:16.047        22    4286.00  4286.00 1048576 100.00    1.832    1.832    0.000   39.676    3.129   7.8  99.8  94.0
16:17:17.046        23    4293.00  4293.00 1048576 100.00    1.844    1.844    0.000   96.508    3.690   7.9  98.0  90.8
16:17:18.046        24    4324.00  4324.00 1048576 100.00    1.846    1.846    0.000   45.702    3.183   8.0 100.0  94.8
16:17:19.047        25    4321.00  4321.00 1048576 100.00    1.823    1.823    0.000   29.321    2.915   7.9 100.0  94.2
16:17:20.046        26    4309.00  4309.00 1048576 100.00    1.839    1.839    0.000   31.865    3.005   7.9  99.7  95.5
16:17:21.042        27    4289.00  4289.00 1048576 100.00    1.826    1.826    0.000   41.124    3.190   7.9  99.3  93.3
16:17:22.046        28    4349.00  4349.00 1048576 100.00    1.826    1.826    0.000   55.629    3.186   7.9  98.0  93.2
16:17:23.046        29    4136.00  4136.00 1048576 100.00    1.929    1.929    0.000   43.132    3.611   8.0  99.3  84.2
16:17:24.049        30    4237.00  4237.00 1048576 100.00    1.874    1.874    0.000   32.862    3.241   7.9  99.8  85.8
16:17:24.055        31    1990.76  1990.76 1048576 100.00    4.017    4.017    0.000  672.982   21.038   8.0  41.1  37.2