16:13:16.043         1     273.00     2.13    8192 100.00   19.878   19.878    0.000  200.127   29.280   5.8   5.3   0.6
16:13:17.040         2     442.00     3.45    8192 100.00   16.435   16.435    0.000  232.225   30.569   7.7   3.4   1.0
16:13:18.045         3     305.00     2.38    8192 100.00   27.996   27.996    0.000  457.719   60.065   8.0   1.8   0.3
16:13:19.040         4     460.00     3.59    8192 100.00   17.317   17.317    0.000  322.988   31.555   8.0   2.8   0.5
16:13:20.040         5     430.00     3.36    8192 100.00   18.380   18.380    0.000  378.107   37.209   8.0   2.5   0.8
16:13:21.042         6     414.00     3.23    8192 100.00   19.015   19.015    0.000  180.854   32.290   8.0   3.3   1.5
16:13:22.042         7     475.00     3.71    8192 100.00   17.232   17.232    0.000  427.164   33.761   8.0   1.8   0.5
16:13:23.042         8     457.00     3.57    8192 100.00   17.701   17.701    0.000  351.031   35.358   8.0   0.8   0.3
16:13:24.041         9     474.00     3.70    8192 100.00   16.891   16.891    0.000  299.997   31.236   8.0   2.2   1.2
16:13:25.040        10     401.00     3.13    8192 100.00   19.524   19.524    0.000  512.931   38.553   8.0   1.0   0.0
16:13:26.040        11     341.00     2.66    8192 100.00   20.334   20.334    0.000  306.850   39.875   8.0   1.8   0.5
16:13:27.040        12     426.00     3.33    8192 100.00   21.644   21.644    0.000  391.901   46.104   8.0   1.5   0.3
16:13:28.040        13     429.00     3.35    8192 100.00   17.997   17.997    0.000  181.186   29.492   8.0   1.7   0.5
16:13:29.041        14     409.00     3.20    8192 100.00   19.870   19.870    0.000  303.864   35.272   8.0   1.5   0.0
16:13:30.041        15     395.00     3.09    8192 100.00   20.665   20.665    0.000  314.983   38.937   8.0   1.8   0.8
16:13:31.040        16     386.00     3.02    8192 100.00   19.550   19.550    0.000  247.696   36.087   8.0   2.0   1.0
16:13:32.044        17     350.00     2.73    8192 100.00   24.098   24.098    0.000  361.306   47.607   8.0   0.8   0.0
16:13:33.044        18     428.00     3.34    8192 100.00   18.497   18.497    0.000  356.205   35.851   8.0   2.3   0.8
16:13:34.040        19     496.00     3.88    8192 100.00   16.149   16.149    0.000  298.015   29.075   8.0   1.5   0.3
16:13:35.040        20     458.00     3.58    8192 100.00   17.001   17.001    0.000  387.524   33.677   8.0   1.5   0.8
16:13:36.040        21     473.00     3.70    8192 100.00   17.517   17.517    0.000  429.881   38.513   8.0   2.3   0.5
16:13:37.040        22     406.00     3.17    8192 100.00   19.374   19.374    0.000  321.452   33.512   8.0   0.5   0.0
16:13:38.040        23     359.00     2.80    8192 100.00   22.570   22.570    0.000  272.863   39.195   8.0   2.0   0.5
16:13:39.040        24     461.00     3.60    8192 100.00   17.362   17.362    0.000  251.605   34.639   8.0   1.8   0.8
16:13:40.040        25     442.00     3.45    8192 100.00   17.421   17.421    0.000  268.994   29.884   8.0   2.3   0.5
16:13:41.040        26     466.00     3.64    8192 100.00   17.495   17.495    0.000  402.831   35.588   8.0   2.8   1.0
16:13:42.041        27     441.00     3.45    8192 100.00   18.182   18.182    0.000  435.512   40.884   8.0   1.0   0.5
16:13:43.040        28     440.00     3.44    8192 100.00   18.632   18.632    0.000  247.976   35.290   8.0   6.3   2.5
16:13:44.040        29     305.00     2.38    8192 100.00   25.915   25.915    0.000  265.861   38.943   8.0   6.1   5.3
16:13:45.041        30     379.00     2.96    8192 100.00   20.867   20.867    0.000  219.695   31.581   8.0   6.1   5.6
16:13:45.045        31     418.90     3.27    8192 100.00   19.069   19.069    0.000  512.931   36.626   8.0   2.3   1.0
