16:13:47.004         1     246.00     3.84   16384 100.00   17.696   17.696    0.000  209.904   31.187   4.8  12.6   6.0
16:13:48.040         2     475.00     7.42   16384 100.00   17.172   17.172    0.000  316.126   33.665   8.0  10.4   4.1
16:13:49.040         3     391.00     6.11   16384 100.00   20.677   20.677    0.000  335.229   39.471   8.0  11.4   2.3
16:13:50.040         4     346.00     5.41   16384 100.00   21.414   21.414    0.000  331.943   37.004   8.0   5.6   0.5
16:13:51.040         5     448.00     7.00   16384 100.00   19.046   19.046    0.000  582.654   40.506   8.0   0.8   0.5
16:13:52.042         6     408.00     6.38   16384 100.00   19.035   19.035    0.000  308.542   33.773   8.0   1.0   0.5
16:13:53.040         7     433.00     6.77   16384 100.00   19.124   19.124    0.000  492.154   39.176   8.0   9.0   2.0
16:13:54.042         8     467.00     7.30   16384 100.00   17.203   17.203    0.000  203.064   29.767   8.0   2.8   1.0
16:13:55.040         9     403.00     6.30   16384 100.00   19.523   19.523    0.000  241.923   33.788   8.0   2.8   0.3
16:13:56.040        10     413.00     6.45   16384 100.00   19.101   19.101    0.000  172.213   32.997   8.0   3.3   0.8
16:13:57.040        11     443.00     6.92   16384 100.00   18.111   18.111    0.000  379.216   37.644   8.0   1.8   0.8
16:13:58.041        12     417.00     6.52   16384 100.00   19.680   19.680    0.000  275.792   32.281   8.0   1.8   0.3
16:13:59.041        13     441.00     6.89   16384 100.00   17.942   17.942    0.000  275.198   30.461   8.0   1.8   0.8
16:14:00.041        14     428.00     6.69   16384 100.00   18.705   18.705    0.000  226.558   33.730   8.0   1.5   0.5
16:14:01.043        15     475.00     7.42   16384 100.00   17.507   17.507    0.000  233.894   28.150   8.3   2.2   0.7
16:14:02.041        16     427.00     6.67   16384 100.00   18.138   18.138    0.000  181.694   30.510   7.7   2.1   0.3
16:14:03.041        17     433.00     6.77   16384 100.00   18.258   18.258    0.000  248.839   31.843   8.0   1.5   0.3
16:14:04.040        18     446.00     6.97   16384 100.00   17.783   17.783    0.000  346.186   33.533   8.0   3.8   1.0
16:14:05.040        19     399.00     6.23   16384 100.00   20.447   20.447    0.000  483.295   37.866   8.0   4.5   1.0
16:14:06.040        20     463.00     7.23   16384 100.00   17.236   17.236    0.000  225.464   27.883   8.0   2.8   1.0
16:14:07.040        21     303.00     4.73   16384 100.00   25.933   25.933    0.000  247.213   47.837   8.0   3.0   0.8
16:14:08.045        22     436.00     6.81   16384 100.00   17.998   17.998    0.000  377.369   33.435   8.0   3.0   1.0
16:14:09.041        23     465.00     7.27   16384 100.00   17.887   17.887    0.000  793.937   46.214   8.0   1.8   0.5
16:14:10.040        24     431.00     6.73   16384 100.00   18.391   18.391    0.000  239.691   31.475   8.0   1.0   0.5
16:14:11.040        25     401.00     6.27   16384 100.00   19.526   19.526    0.000  244.802   33.076   8.0   8.4   2.3
16:14:12.042        26     409.00     6.39   16384 100.00   19.556   19.556    0.000  479.150   39.325   8.0   2.0   0.8
16:14:13.040        27     353.00     5.52   16384 100.00   23.001   23.001    0.000  315.984   44.169   8.0   3.3   0.5
16:14:14.040        28     411.00     6.42   16384 100.00   19.781   19.781    0.000  253.401   36.119   8.0   7.3   1.5
16:14:15.041        29     464.00     7.25   16384 100.00   17.221   17.221    0.000  534.025   37.725   8.0   3.5   1.2
16:14:16.042        30     458.00     7.16   16384 100.00   16.671   16.671    0.000  203.377   30.172   8.0   2.0   0.8
16:14:16.047        31     423.69     6.62   16384 100.00   18.870   18.870    0.000  793.937   35.392   8.0   3.6   1.0