16:14:18.007         1     227.00     7.09   32768 100.00   19.813   19.813    0.000  266.193   36.877   4.7   5.9   1.1
16:14:19.040         2     346.00    10.81   32768 100.00   22.741   22.741    0.000  476.091   42.635   8.0   3.3   0.8
16:14:20.040         3     375.00    11.72   32768 100.00   20.664   20.664    0.000  277.406   36.129   8.0   5.0   1.3
16:14:21.040         4     431.00    13.47   32768 100.00   19.396   19.396    0.000  356.966   39.011   8.0   1.5   1.0
16:14:22.040         5     344.00    10.75   32768 100.00   23.188   23.188    0.000  318.096   40.050   8.0   5.0   1.0
16:14:23.042         6     386.00    12.06   32768 100.00   20.463   20.463    0.000  259.076   34.045   8.0   6.8   1.8
16:14:24.040         7     387.00    12.09   32768 100.00   21.062   21.062    0.000  224.522   35.690   8.0   2.6   0.8
16:14:25.044         8     410.00    12.81   32768 100.00   19.506   19.506    0.000  258.478   33.870   8.0   3.0   1.0
16:14:26.043         9     374.00    11.69   32768 100.00   20.745   20.745    0.000  252.262   32.945   8.0   2.5   1.3
16:14:27.040        10     421.00    13.16   32768 100.00   19.207   19.207    0.000  234.899   35.933   8.0   3.2   1.2
16:14:28.041        11     272.00     8.50   32768 100.00   29.791   29.791    0.000  532.808   57.368   8.0   2.5   1.0
16:14:29.040        12     307.00     9.59   32768 100.00   25.342   25.342    0.000  232.720   40.189   8.0   3.8   1.5
16:14:30.042        13     397.00    12.41   32768 100.00   19.598   19.598    0.000  396.350   40.553   8.0   3.3   1.0
16:14:31.042        14     389.00    12.16   32768 100.00   21.423   21.423    0.000  429.922   43.241   8.0   3.0   1.0
16:14:32.041        15     423.00    13.22   32768 100.00   18.898   18.898    0.000  226.504   31.820   8.0   2.5   1.3
16:14:33.043        16     398.00    12.44   32768 100.00   20.232   20.232    0.000  251.156   33.233   8.0   8.8   1.3
16:14:34.043        17     352.00    11.00   32768 100.00   22.890   22.890    0.000  407.531   45.782   8.0   2.0   0.8
16:14:35.043        18     392.00    12.25   32768 100.00   19.608   19.608    0.000  235.678   31.369   8.0   2.5   1.0
16:14:36.040        19     416.00    13.00   32768 100.00   19.614   19.614    0.000  233.918   34.825   8.0   1.3   0.3
16:14:37.040        20     334.00    10.44   32768 100.00   23.355   23.355    0.000  207.011   40.044   8.0   2.3   0.3
16:14:38.044        21     360.00    11.25   32768 100.00   22.872   22.872    0.000  207.168   37.449   8.0   4.3   1.3
16:14:39.040        22     417.00    13.03   32768 100.00   18.537   18.537    0.000  311.521   34.942   8.0   2.8   1.0
16:14:40.040        23     325.00    10.16   32768 100.00   25.589   25.589    0.000  457.699   49.517   8.0   4.6   0.8
16:14:41.040        24     452.00    14.13   32768 100.00   17.595   17.595    0.000  259.997   31.676   8.0   6.3   2.0
16:14:42.040        25     434.00    13.56   32768 100.00   18.512   18.512    0.000  411.722   37.925   8.0   2.0   0.5
16:14:43.040        26     395.00    12.34   32768 100.00   19.000   19.000    0.000  578.497   40.289   8.0   7.8   0.8
16:14:44.040        27     284.00     8.88   32768 100.00   30.207   30.207    0.000  412.887   63.349   8.0  12.1   1.3
16:14:45.041        28     456.00    14.25   32768 100.00   17.450   17.450    0.000  371.765   34.443   8.0  13.0   2.0
16:14:46.041        29     320.00    10.00   32768 100.00   25.688   25.688    0.000  412.235   45.959   8.3   4.3   1.7
16:14:47.041        30     355.00    11.09   32768 100.00   21.651   21.651    0.000  256.248   36.522   7.7   3.1   0.8
16:14:47.043        31     377.66    11.80   32768 100.00   21.166   21.166    0.000  578.497   39.284   8.0   4.3   1.1