16:15:51.002         1     135.00    33.75  262144 100.00   37.454   37.454    0.000  220.582   52.945   5.6   3.4   0.6
16:15:52.040         2     211.00    52.75  262144 100.00   37.823   37.823    0.000  408.282   63.628   8.0   3.0   1.5
16:15:53.040         3     184.00    46.00  262144 100.00   44.325   44.325    0.000  374.515   64.978   8.0   2.0   1.3
16:15:54.039         4     202.00    50.50  262144 100.00   38.769   38.769    0.000  327.187   63.458   8.0   8.3   0.8
16:15:55.039         5     204.00    51.00  262144 100.00   39.749   39.749    0.000  258.067   53.938   8.0   9.0   0.5
16:15:56.039         6     189.00    47.25  262144 100.00   41.656   41.656    0.000  353.296   61.165   8.0   6.8   1.0
16:15:57.039         7     234.00    58.50  262144 100.00   35.146   35.146    0.000  458.895   64.682   8.0   3.8   1.5
16:15:58.039         8     187.00    46.75  262144 100.00   41.992   41.992    0.000  330.151   61.323   8.0   6.8   1.3
16:15:59.039         9     215.00    53.75  262144 100.00   37.752   37.752    0.000  309.180   59.191   8.0   2.3   0.5
16:16:00.039        10     229.00    57.25  262144 100.00   33.753   33.753    0.000  287.102   54.558   8.0   1.5   0.5
16:16:01.040        11     222.00    55.50  262144 100.00   36.534   36.534    0.000  316.251   51.352   8.0   3.0   1.0
16:16:02.039        12     206.00    51.50  262144 100.00   39.207   39.207    0.000  265.953   58.118   8.0   8.6   1.3
16:16:03.039        13     227.00    56.75  262144 100.00   35.783   35.783    0.000  320.114   58.547   8.0   8.8   1.0
16:16:04.039        14     214.00    53.50  262144 100.00   35.729   35.729    0.000  303.756   52.659   8.0   2.5   0.8
16:16:05.039        15     159.00    39.75  262144 100.00   50.916   50.916    0.000  411.976   78.218   8.0   4.0   1.5
16:16:06.041        16     213.00    53.25  262144 100.00   37.567   37.567    0.000  297.268   56.240   8.0   1.8   0.8
16:16:07.039        17     271.00    67.75  262144 100.00   29.424   29.424    0.000  413.908   57.274   8.0   2.8   1.8
16:16:08.039        18     266.00    66.50  262144 100.00   30.171   30.171    0.000  273.782   47.167   8.0   3.8   1.5
16:16:09.040        19     225.00    56.25  262144 100.00   36.052   36.052    0.000  372.411   62.290   8.0   2.3   0.5
16:16:10.040        20     216.00    54.00  262144 100.00   37.401   37.401    0.000  228.213   56.082   8.0   4.0   1.5
16:16:11.039        21     224.00    56.00  262144 100.00   35.254   35.254    0.000  318.455   61.208   8.0   4.1   1.5
16:16:12.041        22     274.00    68.50  262144 100.00   29.291   29.291    0.000  298.865   49.865   8.0   1.8   1.0
16:16:13.040        23     246.00    61.50  262144 100.00   32.290   32.290    0.000  294.067   55.260   8.0   1.3   0.5
16:16:14.039        24     262.00    65.50  262144 100.00   31.399   31.399    0.000  316.020   54.439   8.0   1.5   1.0
16:16:15.041        25     219.00    54.75  262144 100.00   35.139   35.139    0.000  281.162   52.383   8.0   1.3   0.8
16:16:16.041        26     264.00    66.00  262144 100.00   32.296   32.296    0.000  271.660   52.029   8.3   0.5   0.2
16:16:17.039        27     138.00    34.50  262144 100.00   54.528   54.528    0.000  295.857   79.561   7.7   2.6   1.0
16:16:18.042        28     225.00    56.25  262144 100.00   36.001   36.001    0.000  329.051   57.398   8.0   2.5   0.5
16:16:19.040        29     221.00    55.25  262144 100.00   35.326   35.326    0.000  378.104   54.502   8.0   6.1   1.3
16:16:20.040        30     232.00    58.00  262144 100.00   35.823   35.823    0.000  440.137   59.077   8.0   3.3   0.5
16:16:20.042        31     219.97    54.99  262144 100.00   36.396   36.396    0.000  458.895   58.332   8.0   3.8   1.0