19:16:56.004         1     418.00     1.63    4096 100.00   13.662   13.662    0.000  187.077   25.443   5.8   3.5   0.4
19:16:57.041         2     654.00     2.55    4096 100.00   11.891   11.891    0.000  164.564   20.848   8.0   2.8   0.3
19:16:58.041         3     612.00     2.39    4096 100.00   13.161   13.161    0.000  301.266   25.944   8.0   2.5   0.5
19:16:59.041         4     490.00     1.91    4096 100.00   16.532   16.532    0.000  313.316   35.558   8.0   1.5   0.0
19:17:00.041         5     653.00     2.55    4096 100.00   12.368   12.368    0.000  172.744   22.681   8.0   2.5   0.5
19:17:01.041         6     604.00     2.36    4096 100.00   13.103   13.103    0.000  145.200   21.461   8.0   3.0   0.8
19:17:02.041         7     450.00     1.76    4096 100.00   17.824   17.824    0.000  146.735   27.893   8.0   2.0   0.5
19:17:03.041         8     555.00     2.17    4096 100.00   14.349   14.349    0.000  145.789   20.911   8.0   2.0   0.5
19:17:04.042         9     519.00     2.03    4096 100.00   15.338   15.338    0.000  138.509   24.520   8.0   2.0   0.0
19:17:05.042        10     684.00     2.67    4096 100.00   11.758   11.758    0.000  145.294   20.433   8.0   2.5   0.5
19:17:06.041        11     595.00     2.32    4096 100.00   13.478   13.478    0.000  215.283   25.797   8.0   2.3   0.8
19:17:07.042        12     447.00     1.75    4096 100.00   17.430   17.430    0.000  264.644   32.160   8.0   2.5   0.5
19:17:08.041        13     601.00     2.35    4096 100.00   13.464   13.464    0.000  205.754   24.477   8.0   1.8   0.3
19:17:09.041        14     576.00     2.25    4096 100.00   13.838   13.838    0.000  198.020   25.202   8.0   2.0   0.3
19:17:10.041        15     592.00     2.31    4096 100.00   13.725   13.725    0.000  128.249   22.657   8.0   3.0   1.0
19:17:11.041        16     676.00     2.64    4096 100.00   11.885   11.885    0.000  134.595   20.405   8.0   1.8   0.0
19:17:12.041        17     580.00     2.27    4096 100.00   13.748   13.748    0.000  132.731   24.416   8.0   2.3   0.8
19:17:13.041        18     542.00     2.12    4096 100.00   14.626   14.626    0.000  162.611   26.772   8.0   2.0   0.5
19:17:14.041        19     605.00     2.36    4096 100.00   13.364   13.364    0.000  194.706   24.028   8.0   2.5   0.5
19:17:15.041        20     612.00     2.39    4096 100.00   13.060   13.060    0.000  153.270   22.361   8.0   1.8   0.0
19:17:16.042        21     609.00     2.38    4096 100.00   13.032   13.032    0.000  155.255   22.860   8.0   1.8   0.5
19:17:17.041        22     640.00     2.50    4096 100.00   12.424   12.424    0.000  126.197   20.371   8.0   2.3   0.3
19:17:18.041        23     668.00     2.61    4096 100.00   11.925   11.925    0.000  202.060   22.285   8.0   1.8   0.3
19:17:19.041        24     487.00     1.90    4096 100.00   16.810   16.810    0.000  183.295   30.509   8.0   2.0   0.3
19:17:20.042        25     646.00     2.52    4096 100.00   12.234   12.234    0.000  133.052   19.985   8.0   2.3   0.5
19:17:21.041        26     595.00     2.32    4096 100.00   13.475   13.475    0.000  160.590   24.114   8.0   2.0   0.5
19:17:22.041        27     661.00     2.58    4096 100.00   12.207   12.207    0.000  163.504   22.509   8.0   2.3   0.5
19:17:23.042        28     541.00     2.11    4096 100.00   14.646   14.646    0.000  288.376   27.540   8.0   3.5   0.5
19:17:24.041        29     610.00     2.38    4096 100.00   12.957   12.957    0.000  209.535   24.068   8.0   5.0   0.5
19:17:25.044        30     429.00     1.68    4096 100.00   18.972   18.972    0.000  215.681   34.608   8.0   3.0   0.5
19:17:25.047        31     583.90     2.28    4096 100.00   13.696   13.696    0.000  313.316   24.663   8.0   2.4   0.4