19:17:27.004         1     438.00     3.42    8192 100.00   12.252   12.252    0.000  144.717   23.072   5.5   4.4   0.9
19:17:28.041         2     566.00     4.42    8192 100.00   14.228   14.228    0.000  282.666   27.927   8.0   3.3   0.8
19:17:29.041         3     616.00     4.81    8192 100.00   12.905   12.905    0.000  146.020   20.342   8.0   2.5   0.8
19:17:30.041         4     401.00     3.13    8192 100.00   19.432   19.432    0.000  245.111   38.519   8.0   2.8   0.8
19:17:31.041         5     600.00     4.69    8192 100.00   13.570   13.570    0.000  195.514   23.265   8.0   2.8   0.8
19:17:32.041         6     647.00     5.05    8192 100.00   12.340   12.340    0.000  190.201   20.632   8.0   3.3   1.5
19:17:33.041         7     625.00     4.88    8192 100.00   12.803   12.803    0.000  193.282   21.460   8.0   2.3   0.5
19:17:34.042         8     523.00     4.09    8192 100.00   14.422   14.422    0.000  200.683   27.541   8.0   1.3   0.3
19:17:35.041         9     625.00     4.88    8192 100.00   13.459   13.459    0.000  268.675   28.646   8.0   1.0   0.5
19:17:36.041        10     585.00     4.57    8192 100.00   13.831   13.831    0.000  145.396   21.881   8.0   0.5   0.3
19:17:37.003        11     328.00     2.56    8192 100.00   23.845   23.845    0.000  273.457   48.520   8.0   0.8   0.3
19:17:38.041        12     544.00     4.25    8192 100.00   14.956   14.956    0.000  246.288   30.502   8.0   1.0   0.3
19:17:39.042        13     556.00     4.34    8192 100.00   14.769   14.769    0.000  314.296   29.291   8.3   1.2   0.7
19:17:40.041        14     551.00     4.30    8192 100.00   13.869   13.869    0.000  183.496   23.164   7.7   0.5   0.3
19:17:41.041        15     595.00     4.65    8192 100.00   13.792   13.792    0.000  169.864   23.444   8.0   1.0   0.5
19:17:42.041        16     484.00     3.78    8192 100.00   16.253   16.253    0.000  260.546   38.255   8.0   3.0   0.3
19:17:43.041        17     551.00     4.30    8192 100.00   14.569   14.569    0.000  174.692   24.318   8.0   2.3   0.3
19:17:44.041        18     667.00     5.21    8192 100.00   12.101   12.101    0.000  115.037   19.893   8.0   2.3   0.5
19:17:45.041        19     529.00     4.13    8192 100.00   15.138   15.138    0.000  209.708   30.606   8.0   1.5   0.3
19:17:46.041        20     578.00     4.52    8192 100.00   13.754   13.754    0.000  139.272   24.477   8.0   2.3   0.5
19:17:47.041        21     600.00     4.69    8192 100.00   13.405   13.405    0.000  145.437   24.393   8.0   2.8   0.5
19:17:48.042        22     493.00     3.85    8192 100.00   16.084   16.084    0.000  211.811   33.701   8.0   1.8   0.3
19:17:49.041        23     622.00     4.86    8192 100.00   12.754   12.754    0.000  169.146   22.356   8.0   2.5   0.5
19:17:50.041        24     575.00     4.49    8192 100.00   14.237   14.237    0.000  236.165   26.448   8.0   2.5   0.5
19:17:51.041        25     590.00     4.61    8192 100.00   13.470   13.470    0.000  165.997   23.313   8.0   2.5   0.5
19:17:52.041        26     606.00     4.73    8192 100.00   13.120   13.120    0.000  153.575   21.454   8.0   1.5   0.0
19:17:53.041        27     606.00     4.73    8192 100.00   13.231   13.231    0.000  197.621   23.223   8.0   2.5   0.5
19:17:54.041        28     386.00     3.02    8192 100.00   20.548   20.548    0.000  213.298   37.662   8.0   1.5   0.0
19:17:55.041        29     576.00     4.50    8192 100.00   13.970   13.970    0.000  137.559   23.462   8.0   1.8   0.3
19:17:56.042        30     589.00     4.60    8192 100.00   13.627   13.627    0.000  142.196   23.347   8.0   2.0   0.5
19:17:56.044        31     559.10     4.37    8192 100.00   14.304   14.304    0.000  314.296   26.841   8.0   2.0   0.5