19:17:58.003         1     356.00     5.56   16384 100.00   14.722   14.722    0.000  231.458   26.760   5.5   8.2   1.6
19:17:59.041         2     554.00     8.66   16384 100.00   13.840   13.840    0.000  205.274   26.048   8.0   2.3   0.5
19:18:00.041         3     322.00     5.03   16384 100.00   26.026   26.026    0.000  271.962   47.826   8.0   2.0   0.3
19:18:01.041         4     560.00     8.75   16384 100.00   14.201   14.201    0.000  224.489   25.921   8.0   2.5   0.3
19:18:02.041         5     498.00     7.78   16384 100.00   15.874   15.874    0.000  215.490   27.110   8.0   1.5   0.0
19:18:03.042         6     546.00     8.53   16384 100.00   15.046   15.046    0.000  199.159   27.367   8.0   1.8   0.0
19:18:04.041         7     501.00     7.83   16384 100.00   15.832   15.832    0.000  205.950   28.935   8.0   4.5   0.5
19:18:05.041         8     378.00     5.91   16384 100.00   21.118   21.118    0.000  178.732   33.063   8.0   1.3   0.0
19:18:06.041         9     531.00     8.30   16384 100.00   14.224   14.224    0.000  218.427   22.963   8.0   2.5   0.5
19:18:07.041        10     476.00     7.44   16384 100.00   18.022   18.022    0.000  242.936   31.838   8.0   3.8   1.5
19:18:08.041        11     484.00     7.56   16384 100.00   16.283   16.283    0.000  135.684   22.269   8.0   3.0   0.8
19:18:09.041        12     358.00     5.59   16384 100.00   21.539   21.539    0.000  376.049   47.565   8.0   3.5   0.3
19:18:10.041        13     573.00     8.95   16384 100.00   14.415   14.415    0.000  365.625   28.329   8.0   3.0   0.5
19:18:11.042        14     354.00     5.53   16384 100.00   22.169   22.169    0.000  219.778   38.482   8.0   3.3   0.3
19:18:12.041        15     540.00     8.44   16384 100.00   15.090   15.090    0.000  409.494   29.516   8.0   2.5   0.0
19:18:13.040        16     525.00     8.20   16384 100.00   14.856   14.856    0.000  250.504   27.334   8.0   4.0   0.5
19:18:14.041        17     528.00     8.25   16384 100.00   15.530   15.530    0.000  177.157   26.213   8.0   3.3   0.8
19:18:15.041        18     520.00     8.13   16384 100.00   15.453   15.453    0.000  244.725   27.826   8.0   4.0   0.8
19:18:16.041        19     467.00     7.30   16384 100.00   17.232   17.232    0.000  203.031   29.298   8.0   2.8   0.5
19:18:17.041        20     534.00     8.34   16384 100.00   14.926   14.926    0.000  229.502   23.592   8.0   3.0   0.5
19:18:18.041        21     596.00     9.31   16384 100.00   13.370   13.370    0.000  224.568   24.385   8.0   2.5   0.5
19:18:19.041        22     510.00     7.97   16384 100.00   15.723   15.723    0.000  168.809   26.580   8.0   2.8   0.3
19:18:20.041        23     541.00     8.45   16384 100.00   14.118   14.118    0.000  170.701   24.906   8.0   2.7   0.2
19:18:21.041        24     517.00     8.08   16384 100.00   16.245   16.245    0.000  387.736   33.167   8.0   3.0   0.8
19:18:22.041        25     483.00     7.55   16384 100.00   16.557   16.557    0.000  165.490   28.545   8.0   3.0   0.3
19:18:23.041        26     550.00     8.59   16384 100.00   14.454   14.454    0.000  230.121   24.643   8.0   2.8   0.8
19:18:24.042        27     575.00     8.98   16384 100.00   14.543   14.543    0.000  180.253   24.600   8.3   2.7   0.2
19:18:25.041        28     551.00     8.61   16384 100.00   13.423   13.423    0.000  145.861   24.256   7.7   3.1   0.3
19:18:26.041        29     556.00     8.69   16384 100.00   14.464   14.464    0.000  196.155   29.733   8.0   2.3   0.3
19:18:27.042        30     559.00     8.73   16384 100.00   14.680   14.680    0.000  222.799   28.120   8.0   3.5   0.8
19:18:27.044        31     506.45     7.91   16384 100.00   15.799   15.799    0.000  409.494   28.869   8.0   2.9   0.4