19:18:29.004         1     252.00     7.88   32768 100.00   16.055   16.055    0.000  141.040   27.041   4.8   4.9   0.9
19:18:30.041         2     495.00    15.47   32768 100.00   17.118   17.118    0.000  348.022   33.755   8.0   3.0   0.8
19:18:31.041         3     415.00    12.97   32768 100.00   19.365   19.365    0.000  215.287   32.032   8.0   2.5   0.5
19:18:32.041         4     433.00    13.53   32768 100.00   18.260   18.260    0.000  203.140   31.284   8.0   2.3   0.0
19:18:33.041         5     403.00    12.59   32768 100.00   20.004   20.004    0.000  208.388   37.699   8.0   3.3   1.3
19:18:34.041         6     414.00    12.94   32768 100.00   19.282   19.282    0.000  241.167   33.755   8.0   2.0   0.5
19:18:35.041         7     385.00    12.03   32768 100.00   20.667   20.667    0.000  193.419   35.699   8.0   3.0   0.8
19:18:36.041         8     430.00    13.44   32768 100.00   19.054   19.054    0.000  185.240   30.335   8.0   2.5   0.0
19:18:37.041         9     414.00    12.94   32768 100.00   19.179   19.179    0.000  206.613   30.644   8.0   2.8   0.5
19:18:38.040        10     428.00    13.38   32768 100.00   18.704   18.704    0.000  197.305   28.928   8.0   4.0   0.8
19:18:39.041        11     295.00     9.22   32768 100.00   26.989   26.989    0.000  415.445   64.330   8.0   3.2   1.0
19:18:40.041        12     415.00    12.97   32768 100.00   19.376   19.376    0.000  219.139   30.605   8.0   2.8   0.3
19:18:41.041        13     391.00    12.22   32768 100.00   20.042   20.042    0.000  235.384   35.776   8.0   3.0   0.8
19:18:42.041        14     428.00    13.38   32768 100.00   19.034   19.034    0.000  197.198   29.110   8.0   2.8   0.5
19:18:43.040        15     387.00    12.09   32768 100.00   20.597   20.597    0.000  298.746   34.683   8.0   3.0   0.5
19:18:44.041        16     414.00    12.94   32768 100.00   17.332   17.332    0.000  187.643   28.357   8.0   3.0   0.5
19:18:45.041        17     297.00     9.28   32768 100.00   30.080   30.080    0.000  229.418   50.358   8.0   3.5   0.7
19:18:46.041        18     428.00    13.38   32768 100.00   18.387   18.387    0.000  203.287   29.418   8.0   2.5   0.3
19:18:47.041        19     436.00    13.63   32768 100.00   18.573   18.573    0.000  233.432   30.261   8.0   3.5   0.5
19:18:48.041        20     453.00    14.16   32768 100.00   17.657   17.657    0.000  213.820   28.530   8.0   3.5   1.5
19:18:49.041        21     371.00    11.59   32768 100.00   21.266   21.266    0.000  278.080   34.583   8.0   2.8   0.5
19:18:50.041        22     378.00    11.81   32768 100.00   21.124   21.124    0.000  250.763   35.526   8.0   2.8   0.5
19:18:51.041        23     295.00     9.22   32768 100.00   26.875   26.875    0.000  290.326   44.459   8.0   2.5   0.3
19:18:52.041        24     425.00    13.28   32768 100.00   19.178   19.178    0.000  166.696   28.719   8.0   2.8   0.5
19:18:53.041        25     390.00    12.19   32768 100.00   20.252   20.252    0.000  551.533   43.126   8.0   2.5   0.5
19:18:54.041        26     436.00    13.63   32768 100.00   18.215   18.215    0.000  239.292   31.201   8.0   2.0   0.0
19:18:55.041        27     369.00    11.53   32768 100.00   22.035   22.035    0.000  243.599   36.622   8.0   2.5   0.5
19:18:56.041        28     392.00    12.25   32768 100.00   20.121   20.121    0.000  169.935   32.110   8.0   2.5   0.3
19:18:57.041        29     294.00     9.19   32768 100.00   27.270   27.270    0.000  292.264   52.342   8.0   2.5   0.5
19:18:58.043        30     439.00    13.72   32768 100.00   18.214   18.214    0.000  166.342   28.133   8.0   2.8   0.5
19:18:58.045        31     398.28    12.45   32768 100.00   20.122   20.122    0.000  551.533   35.271   8.0   2.8   0.5