19:19:00.002         1     219.00    13.69   65536 100.00   20.087   20.087    0.000  197.865   32.362   4.7   5.4   0.9
19:19:01.041         2     304.00    19.00   65536 100.00   26.186   26.186    0.000  221.975   37.479   8.0   3.0   0.3
19:19:02.041         3     339.00    21.19   65536 100.00   22.883   22.883    0.000  247.354   37.825   8.0   3.0   0.5
19:19:03.041         4     331.00    20.69   65536 100.00   25.098   25.098    0.000  257.482   40.320   8.0   4.0   1.3
19:19:04.041         5     329.00    20.56   65536 100.00   24.386   24.386    0.000  221.591   34.105   8.0   3.8   0.8
19:19:05.041         6     327.00    20.44   65536 100.00   24.021   24.021    0.000  208.377   36.318   8.0   3.0   0.5
19:19:06.041         7     284.00    17.75   65536 100.00   27.913   27.913    0.000  297.348   42.540   8.0   2.5   0.5
19:19:07.041         8     252.00    15.75   65536 100.00   32.536   32.536    0.000  330.429   59.913   8.0   2.5   0.3
19:19:08.041         9     380.00    23.75   65536 100.00   21.064   21.064    0.000  169.739   29.527   8.0   3.3   0.5
19:19:09.042        10     382.00    23.88   65536 100.00   21.586   21.586    0.000  236.293   33.496   8.3   2.7   0.5
19:19:10.041        11     293.00    18.31   65536 100.00   25.999   25.999    0.000  276.234   44.592   7.7   3.4   0.5
19:19:11.041        12     322.00    20.13   65536 100.00   24.753   24.753    0.000  294.733   43.160   8.0   2.5   0.5
19:19:12.041        13     327.00    20.44   65536 100.00   25.229   25.229    0.000  280.061   38.693   8.0   2.5   0.5
19:19:13.041        14     316.00    19.75   65536 100.00   25.338   25.338    0.000  159.446   33.610   8.0   2.3   0.5
19:19:14.041        15     333.00    20.81   65536 100.00   23.749   23.749    0.000  311.196   37.925   8.0   4.3   1.0
19:19:15.040        16     346.00    21.63   65536 100.00   23.386   23.386    0.000  240.938   34.596   8.0   2.5   0.0
19:19:16.041        17     329.00    20.56   65536 100.00   24.058   24.058    0.000  315.351   42.130   8.0   4.0   0.3
19:19:17.041        18     360.00    22.50   65536 100.00   22.196   22.196    0.000  210.759   31.387   8.0   2.5   0.3
19:19:18.041        19     272.00    17.00   65536 100.00   29.601   29.601    0.000  300.536   48.880   8.0   3.3   0.5
19:19:19.041        20     303.00    18.94   65536 100.00   25.991   25.991    0.000  264.605   44.130   8.0   2.8   0.5
19:19:20.041        21     325.00    20.31   65536 100.00   24.508   24.508    0.000  221.657   37.901   8.0   4.0   0.8
19:19:21.041        22     308.00    19.25   65536 100.00   26.646   26.646    0.000  296.088   40.266   8.0   2.5   0.3
19:19:22.041        23     322.00    20.13   65536 100.00   24.366   24.366    0.000  324.048   40.815   8.0   3.0   0.3
19:19:23.041        24     308.00    19.25   65536 100.00   25.923   25.923    0.000  291.369   38.475   8.0   3.3   0.8
19:19:24.041        25     288.00    18.00   65536 100.00   27.856   27.856    0.000  256.179   42.204   8.0   3.5   1.2
19:19:25.041        26     296.00    18.50   65536 100.00   26.492   26.492    0.000  230.836   40.192   8.0   3.3   0.8
19:19:26.041        27     346.00    21.63   65536 100.00   23.258   23.258    0.000  224.852   37.824   8.0   3.3   0.3
19:19:27.041        28     316.00    19.75   65536 100.00   25.355   25.355    0.000  252.189   40.299   8.0   3.0   0.5
19:19:28.041        29     279.00    17.44   65536 100.00   28.356   28.356    0.000  209.643   40.138   8.0   4.8   0.8
19:19:29.042        30     276.00    17.25   65536 100.00   28.360   28.360    0.000  202.937   41.080   8.0   3.0   0.8
19:19:29.045        31     317.00    19.81   65536 100.00   25.195   25.195    0.000  330.429   39.610   8.0   3.2   0.5