19:19:31.004         1     134.00    16.75  131072 100.00   33.871   33.871    0.000  198.318   41.486   4.8   3.8   0.4
19:19:32.041         2     216.00    27.00  131072 100.00   35.699   35.699    0.000  249.173   53.508   8.0   3.0   0.8
19:19:33.041         3     215.00    26.88  131072 100.00   38.062   38.062    0.000  224.672   49.876   8.0   3.3   0.5
19:19:34.040         4     209.00    26.13  131072 100.00   37.144   37.144    0.000  296.500   44.092   8.0   3.8   0.8
19:19:35.041         5     132.00    16.50  131072 100.00   61.822   61.822    0.000  400.915   89.188   8.0   2.3   0.3
19:19:36.041         6     228.00    28.50  131072 100.00   34.828   34.828    0.000  230.701   42.188   8.0   2.3   0.5
19:19:37.041         7     223.00    27.88  131072 100.00   35.812   35.812    0.000  352.046   49.457   8.0   3.0   0.7
19:19:38.041         8     249.00    31.13  131072 100.00   32.831   32.831    0.000  365.299   53.153   8.0   3.8   0.5
19:19:39.041         9     210.00    26.25  131072 100.00   38.294   38.294    0.000  250.011   46.776   8.0   3.0   0.5
19:19:40.041        10     189.00    23.63  131072 100.00   40.835   40.835    0.000  448.574   55.123   8.0   4.0   0.7
19:19:41.041        11     238.00    29.75  131072 100.00   34.396   34.396    0.000  300.111   46.025   8.0   2.5   0.5
19:19:42.041        12     209.00    26.13  131072 100.00   38.479   38.479    0.000  365.697   52.589   8.0   3.5   1.0
19:19:43.041        13     239.00    29.88  131072 100.00   33.095   33.095    0.000  302.072   47.147   8.0   2.8   0.5
19:19:44.041        14     208.00    26.00  131072 100.00   38.333   38.333    0.000  343.844   54.177   8.0   3.3   0.5
19:19:45.041        15     209.00    26.13  131072 100.00   37.799   37.799    0.000  236.318   47.992   8.0   2.5   0.3
19:19:46.041        16     162.00    20.25  131072 100.00   49.683   49.683    0.000  293.624   59.414   8.0   3.8   0.5
19:19:47.041        17     230.00    28.75  131072 100.00   35.356   35.356    0.000  472.639   54.871   8.0   3.0   0.3
19:19:48.040        18     256.00    32.00  131072 100.00   30.831   30.831    0.000  265.189   44.067   8.0   2.8   0.5
19:19:49.041        19     225.00    28.13  131072 100.00   33.799   33.799    0.000  305.353   53.110   8.0   3.5   1.0
19:19:50.041        20     180.00    22.50  131072 100.00   45.237   45.237    0.000  329.678   58.096   8.0   3.3   0.0
19:19:51.041        21     207.00    25.88  131072 100.00   39.689   39.689    0.000  307.129   56.055   8.0   2.5   0.3
19:19:52.041        22     167.00    20.88  131072 100.00   48.144   48.144    0.000  290.965   53.937   8.0   3.5   0.3
19:19:53.041        23     186.00    23.25  131072 100.00   42.825   42.825    0.000  435.371   62.514   8.0   3.5   0.5
19:19:54.042        24     228.00    28.50  131072 100.00   37.635   37.635    0.000  322.712   49.963   8.3   3.2   0.5
19:19:55.041        25     228.00    28.50  131072 100.00   33.396   33.396    0.000  330.534   51.320   7.7   2.9   0.8
19:19:56.041        26     250.00    31.25  131072 100.00   31.553   31.553    0.000  210.110   40.069   8.0   3.2   0.7
19:19:57.041        27     226.00    28.25  131072 100.00   35.169   35.169    0.000  217.742   42.679   8.0   3.0   1.0
19:19:58.041        28     176.00    22.00  131072 100.00   45.604   45.604    0.000  251.330   53.059   8.0   3.0   0.5
19:19:59.041        29     218.00    27.25  131072 100.00   36.810   36.810    0.000  272.627   50.779   8.0   3.3   0.5
19:20:00.041        30     245.00    30.63  131072 100.00   32.376   32.376    0.000  281.736   45.141   8.0   3.3   0.5
19:20:00.044        31     212.34    26.54  131072 100.00   37.633   37.633    0.000  472.639   51.819   8.0   3.1   0.5