19:20:02.004         1      77.00    19.25  262144 100.00   55.479   55.479    0.000  267.498   57.497   4.7   4.2   0.6
19:20:03.041         2     122.00    30.50  262144 100.00   62.295   62.295    0.000  503.246   78.694   8.0   3.3   0.8
19:20:04.041         3     108.00    27.00  262144 100.00   79.192   79.192    0.000  431.567   75.262   8.0   5.1   1.0
19:20:05.041         4     121.00    30.25  262144 100.00   64.982   64.982    0.000  297.653   61.185   8.0   4.5   1.7
19:20:06.041         5     122.00    30.50  262144 100.00   63.546   63.546    0.000  410.754   61.986   8.0   2.5   0.3
19:20:07.041         6     119.00    29.75  262144 100.00   67.131   67.131    0.000  293.982   63.027   8.0   2.3   0.3
19:20:08.041         7     122.00    30.50  262144 100.00   65.157   65.157    0.000  366.125   70.647   8.0   3.3   0.8
19:20:09.041         8     127.00    31.75  262144 100.00   66.015   66.015    0.000  372.492   70.418   8.0   2.8   0.3
19:20:10.040         9     139.00    34.75  262144 100.00   56.730   56.730    0.000  329.283   69.158   8.0   2.8   0.3
19:20:11.041        10     151.00    37.75  262144 100.00   52.599   52.599    0.000  402.580   64.761   8.0   2.8   0.8
19:20:12.041        11     152.00    38.00  262144 100.00   53.542   53.542    0.000  266.875   57.191   8.0   3.5   1.0
19:20:13.041        12     148.00    37.00  262144 100.00   53.605   53.605    0.000  497.061   70.427   8.0   2.8   0.8
19:20:14.040        13     150.00    37.50  262144 100.00   53.489   53.489    0.000  338.940   61.954   8.0   3.0   0.8
19:20:15.041        14      98.00    24.50  262144 100.00   78.501   78.501    0.000  387.770   99.005   8.0   2.3   0.5
19:20:16.041        15     144.00    36.00  262144 100.00   57.081   57.081    0.000  313.674   64.996   8.0   2.8   0.3
19:20:17.041        16     152.00    38.00  262144 100.00   52.772   52.772    0.000  356.182   56.096   8.0   3.3   1.0
19:20:18.041        17     145.00    36.25  262144 100.00   53.791   53.791    0.000  389.540   73.419   8.0   4.0   1.2
19:20:19.041        18     160.00    40.00  262144 100.00   51.007   51.007    0.000  319.952   63.986   8.0   3.7   1.2
19:20:20.041        19     137.00    34.25  262144 100.00   57.949   57.949    0.000  393.445   65.474   8.0   2.8   0.3
19:20:21.041        20     144.00    36.00  262144 100.00   56.172   56.172    0.000  264.539   63.830   8.0   2.0   0.3
19:20:22.041        21     166.00    41.50  262144 100.00   48.851   48.851    0.000  325.243   54.837   8.0   2.5   0.5
19:20:23.040        22     174.00    43.50  262144 100.00   46.119   46.119    0.000  339.819   60.596   8.0   3.3   1.3
19:20:24.041        23     185.00    46.25  262144 100.00   42.716   42.716    0.000  331.336   57.930   8.0   3.7   1.5
19:20:25.041        24     163.00    40.75  262144 100.00   49.192   49.192    0.000  243.663   52.795   8.0   3.0   0.5
19:20:26.041        25     163.00    40.75  262144 100.00   45.580   45.580    0.000  428.109   73.783   8.0   2.8   0.8
19:20:27.041        26     129.00    32.25  262144 100.00   65.962   65.962    0.000  471.567  100.643   8.0   3.7   1.2
19:20:28.041        27     202.00    50.50  262144 100.00   40.647   40.647    0.000  260.894   48.800   8.0   2.8   0.8
19:20:29.041        28     178.00    44.50  262144 100.00   44.057   44.057    0.000  454.005   67.817   8.0   3.3   1.0
19:20:30.041        29     184.00    46.00  262144 100.00   42.748   42.748    0.000  294.493   58.336   8.0   3.3   1.3
19:20:31.042        30     185.00    46.25  262144 100.00   43.113   43.113    0.000  251.180   57.116   8.0   3.0   0.5
19:20:31.045        31     147.93    36.98  262144 100.00   54.038   54.038    0.000  503.246   66.492   8.0   3.1   0.8