19:20:33.002         1      63.00    31.50  524288 100.00   64.157   64.157    0.000  304.075   60.881   4.7   4.0   0.4
19:20:34.041         2     128.00    64.00  524288 100.00   62.981   62.981    0.000  283.398   63.757   8.0   3.0   0.3
19:20:35.041         3     108.00    54.00  524288 100.00   75.932   75.932    0.000  307.069   70.901   8.0   3.5   1.3
19:20:36.041         4     114.00    57.00  524288 100.00   67.887   67.887    0.000  418.964   77.847   8.0   3.2   1.2
19:20:37.041         5     123.00    61.50  524288 100.00   62.514   62.514    0.000  425.336   84.859   8.0   2.8   0.8
19:20:38.041         6     108.00    54.00  524288 100.00   78.112   78.112    0.000  465.028   85.926   8.0   3.3   0.8
19:20:39.041         7      89.00    44.50  524288 100.00   88.373   88.373    0.000  397.441   98.142   8.3   2.4   0.2
19:20:40.041         8     132.00    66.00  524288 100.00   61.604   61.604    0.000  331.965   74.437   7.7   2.9   0.8
19:20:41.041         9     118.00    59.00  524288 100.00   68.182   68.182    0.000  428.506   78.719   8.0   2.5   0.3
19:20:42.041        10     126.00    63.00  524288 100.00   64.717   64.717    0.000  395.418   74.342   8.0   2.8   1.0
19:20:43.041        11     127.00    63.50  524288 100.00   59.372   59.372    0.000  368.355   72.587   8.0   3.8   1.0
19:20:44.041        12     124.00    62.00  524288 100.00   65.613   65.613    0.000  377.353   85.807   8.0   3.3   1.0
19:20:45.041        13      97.00    48.50  524288 100.00   79.366   79.366    0.000  422.793   83.029   8.0   3.3   1.0
19:20:46.041        14     117.00    58.50  524288 100.00   71.553   71.553    0.000  420.022   86.240   8.0   2.8   0.8
19:20:47.041        15     126.00    63.00  524288 100.00   65.135   65.135    0.000  610.924   90.048   8.0   3.3   0.8
19:20:48.041        16     133.00    66.50  524288 100.00   56.485   56.485    0.000  507.185   76.098   8.0   2.8   0.8
19:20:49.041        17     145.00    72.50  524288 100.00   56.980   56.980    0.000  382.997   75.400   8.0   3.5   1.0
19:20:50.041        18     157.00    78.50  524288 100.00   51.906   51.906    0.000  306.815   66.388   8.0   3.8   1.8
19:20:51.041        19     135.00    67.50  524288 100.00   59.000   59.000    0.000  304.618   78.920   8.0   3.3   0.5
19:20:52.041        20     139.00    69.50  524288 100.00   55.702   55.702    0.000  312.728   77.024   8.0   2.5   0.3
19:20:53.041        21     181.00    90.50  524288 100.00   44.373   44.373    0.000  408.021   65.715   8.0   2.8   0.5
19:20:54.041        22     102.00    51.00  524288 100.00   77.041   77.041    0.000  432.166   96.249   8.0   4.5   0.8
19:20:55.041        23     145.00    72.50  524288 100.00   57.521   57.521    0.000  277.609   72.416   8.0   5.6   2.8
19:20:56.041        24     181.00    90.50  524288 100.00   43.902   43.902    0.000  361.555   66.607   8.0   3.3   1.3
19:20:57.041        25     127.00    63.50  524288 100.00   64.220   64.220    0.000  391.065   91.097   8.0   3.3   0.5
19:20:58.041        26     167.00    83.50  524288 100.00   45.657   45.657    0.000  349.895   70.099   8.0   3.0   1.0
19:20:59.041        27     170.00    85.00  524288 100.00   46.616   46.616    0.000  464.512   77.022   8.0   3.5   1.3
19:21:00.040        28     198.00    99.00  524288 100.00   38.532   38.532    0.000  452.821   70.390   8.0   3.5   1.0
19:21:01.041        29     191.00    95.50  524288 100.00   46.415   46.415    0.000  445.593   73.255   8.0   3.8   0.5
19:21:02.043        30     228.00   114.00  524288 100.00   34.109   34.109    0.000  271.192   54.659   8.0   2.8   0.8
19:21:02.046        31     139.17    69.59  524288 100.00   57.498   57.498    0.000  610.924   76.971   8.0   3.3   0.9