19:21:04.003         1      42.00    42.00 1048576 100.00   80.806   80.806    0.000  243.819   81.265   4.1   5.5   1.0
19:21:05.041         2      96.00    96.00 1048576 100.00   83.657   83.657    0.000  447.531  107.468   8.0   3.0   1.0
19:21:06.041         3     103.00   103.00 1048576 100.00   74.352   74.352    0.000  569.641  108.184   8.0   4.5   2.0
19:21:07.041         4     130.00   130.00 1048576 100.00   62.191   62.191    0.000  617.759   90.094   8.0   4.5   1.5
19:21:08.041         5      83.00    83.00 1048576 100.00   95.333   95.333    0.000 1013.460  149.867   8.0   3.0   0.8
19:21:09.041         6     104.00   104.00 1048576 100.00   75.056   75.056    0.000  328.036   90.483   8.0   4.1   0.5
19:21:10.041         7      98.00    98.00 1048576 100.00   87.084   87.084    0.000  432.838  108.642   8.0   4.3   1.3
19:21:11.041         8     109.00   109.00 1048576 100.00   73.377   73.377    0.000  503.616  103.098   8.0   3.5   1.0
19:21:12.041         9     133.00   133.00 1048576 100.00   59.189   59.189    0.000  363.323   75.182   8.0   3.5   1.0
19:21:13.041        10     132.00   132.00 1048576 100.00   60.655   60.655    0.000  453.434  100.773   8.0   4.8   1.5
19:21:14.041        11     107.00   107.00 1048576 100.00   76.813   76.813    0.000  386.250  109.149   8.0   2.8   0.8
19:21:15.041        12     146.00   146.00 1048576 100.00   53.380   53.380    0.000  444.860   85.298   8.0   4.8   1.3
19:21:16.041        13     155.00   155.00 1048576 100.00   50.010   50.010    0.000  650.935   94.760   8.0   3.5   1.0
19:21:17.040        14     123.00   123.00 1048576 100.00   66.715   66.715    0.000  530.531  103.172   8.0   2.8   0.8
19:21:18.041        15     173.00   173.00 1048576 100.00   48.125   48.125    0.000  428.749   83.995   8.0   3.5   1.0
19:21:19.041        16     147.00   147.00 1048576 100.00   52.807   52.807    0.000  588.374   94.797   8.0   3.3   0.5
19:21:20.041        17     147.00   147.00 1048576 100.00   54.196   54.196    0.000  545.942   93.070   8.0   3.3   1.0
19:21:21.041        18     166.00   166.00 1048576 100.00   48.344   48.344    0.000  476.719   86.864   8.0   4.0   1.3
19:21:22.041        19     148.00   148.00 1048576 100.00   54.515   54.515    0.000  621.151   98.815   8.0   4.3   2.0
19:21:23.041        20     170.00   170.00 1048576 100.00   47.297   47.297    0.000  355.447   74.753   8.0   3.8   1.8
19:21:24.042        21     216.00   216.00 1048576 100.00   39.132   39.132    0.000  557.359   79.739   8.3   3.9   1.7
19:21:25.041        22     100.00   100.00 1048576 100.00   69.183   69.183    0.000  838.669  141.515   7.7   4.2   0.8
19:21:26.041        23     162.00   162.00 1048576 100.00   52.245   52.245    0.000  792.839  111.404   8.0   3.8   1.5
19:21:27.041        24     191.00   191.00 1048576 100.00   40.592   40.592    0.000  493.114   96.873   8.0   4.3   1.0
19:21:28.041        25     222.00   222.00 1048576 100.00   35.330   35.330    0.000  487.287   77.780   8.0   3.5   1.5
19:21:29.041        26     169.00   169.00 1048576 100.00   47.552   47.552    0.000  684.269  120.512   8.0   3.5   1.0
19:21:30.040        27     188.00   188.00 1048576 100.00   43.877   43.877    0.000  692.085  101.443   8.0   5.0   2.5
19:21:31.041        28     254.00   254.00 1048576 100.00   31.291   31.291    0.000  399.502   68.364   8.0   4.5   1.3
19:21:32.040        29     271.00   271.00 1048576 100.00   29.761   29.761    0.000  443.639   71.831   8.0   4.0   1.8
19:21:33.041        30     213.00   213.00 1048576 100.00   37.284   37.284    0.000  504.734   84.755   8.0   5.0   2.0
19:21:33.044        31     153.66   153.66 1048576 100.00   52.005   52.005    0.000 1013.460   95.765   8.0   3.9   1.3