15:53:56.004         1  332575.00  1299.12    4096  66.94    0.005    0.003    0.009   21.169    0.098   2.0  17.9   8.3
15:53:57.041         2   13959.00    54.53    4096  66.73    0.616    0.476    0.895   65.037    2.206   8.3   5.4   2.0
15:53:58.040         3   12360.00    48.28    4096  67.31    0.622    0.488    0.897   65.917    2.305   7.7   5.5   2.9
15:53:59.040         4    8690.00    33.95    4096  67.42    0.801    0.735    0.939  145.761    4.924   8.0   3.6   2.0
15:54:00.040         5       0.00     0.00       0   0.00    0.000    0.000    0.000    0.000    0.000   8.0   3.5   1.0
15:54:01.040         6   10327.00    40.34    4096  66.21    1.646    1.599    1.738 1556.716   39.001   8.0   2.1   0.8
15:54:02.040         7   11157.00    43.58    4096  66.73    0.667    0.454    1.094   81.381    3.215   8.0   4.8   2.8
15:54:03.041         8     378.00     1.48    4096  66.14   16.872   12.375   25.656  604.212   85.982   8.0   2.0   0.8
15:54:04.010         9    4313.00    16.85    4096  66.43    2.355    0.457    6.110  959.347   40.439   8.0   2.8   1.3
15:54:05.040        10   13823.00    54.00    4096  67.19    0.578    0.468    0.803   54.140    1.925   8.0   5.5   3.0
15:54:06.040        11    3450.00    13.48    4096  66.67    1.114    0.864    1.614  113.698    6.658   8.0   2.5   1.5
15:54:07.040        12     129.00     0.50    4096  75.19   34.921   40.249   18.768  548.103  132.294   8.0   1.8   0.5
15:54:08.041        13       0.00     0.00       0   0.00    0.000    0.000    0.000    0.000    0.000   8.0   2.8   0.8
15:54:09.040        14       0.00     0.00       0   0.00    0.000    0.000    0.000    0.000    0.000   8.0   2.0   0.5
15:54:10.040        15     615.00     2.40    4096  66.34   46.370   55.181   29.005 3308.345  353.471   8.0   2.0   0.5
15:54:11.041        16       0.00     0.00       0   0.00    0.000    0.000    0.000    0.000    0.000   8.0   1.3   0.5
15:54:12.040        17       0.00     0.00       0   0.00    0.000    0.000    0.000    0.000    0.000   8.0   1.8   0.3
15:54:13.043        18      67.00     0.26    4096  70.15  364.432  519.504    0.012 3050.016  996.335   8.0   3.3   1.3
15:54:14.044        19     124.00     0.48    4096  57.26   86.008  131.108   25.591 1326.081  326.426   8.0   2.0   0.5
15:54:15.040        20      72.00     0.28    4096  58.33    7.958    6.275   10.315   80.876   17.963   8.0   4.0   1.0
15:54:16.003        21     119.00     0.46    4096  71.43  111.465  150.300   14.376 1514.597  372.646   8.0   2.8   0.3
15:54:17.040        22     160.00     0.63    4096  63.13   63.476   38.229  106.696 1267.164  273.619   8.0   2.0   1.3
15:54:18.040        23     178.00     0.70    4096  65.73   17.497   19.353   13.936  373.231   72.834   8.0   1.5   0.8
15:54:19.040        24       0.00     0.00       0   0.00    0.000    0.000    0.000    0.000    0.000   8.0   1.5   0.5
15:54:20.040        25      66.00     0.26    4096  66.67  274.041  205.509  411.105 2261.206  743.501   8.0   1.0   0.3
15:54:21.043        26     164.00     0.64    4096  69.51   63.973   51.497   92.419 1181.494  193.259   8.0   2.5   1.0
15:54:22.040        27     462.00     1.80    4096  63.20    2.405    2.048    3.017   69.412   10.205   8.0   3.5   1.5
15:54:23.040        28       0.00     0.00       0   0.00    0.000    0.000    0.000    0.000    0.000   8.0   1.0   0.0
15:54:24.042        29       0.00     0.00       0   0.00    0.000    0.000    0.000    0.000    0.000   8.0   2.0   0.8
15:54:25.047        30     681.00     2.66    4096  64.17   39.447   31.644   53.420 3163.562  332.927   8.0   1.0   0.3
15:54:25.060        31    2803.24    10.95    4096  66.84    2.802    2.696    3.016 3308.345   65.634   8.0   2.7   1.0