15:54:34.003         1  408539.00  1595.86    4096  50.05    0.012    0.002    0.022   27.386    0.284   4.9   8.4   3.7
15:54:35.041         2    5458.00    21.32    4096  50.31    0.075    0.002    0.150   27.601    1.067   8.0   2.5   0.8
15:54:36.042         3       0.00     0.00       0   0.00    0.000    0.000    0.000    0.000    0.000   8.0   3.0   0.3
15:54:37.040         4       0.00     0.00       0   0.00    0.000    0.000    0.000    0.000    0.000   8.0   2.5   0.5
15:54:38.042         5       5.00     0.02    4096  80.00 1842.322 1513.541 3157.447 3157.447 1682.641   8.0   2.3   0.8
15:54:39.691         6       0.00     0.00       0   0.00    0.000    0.000    0.000    0.000    0.000   8.3   7.8   0.2
15:54:40.003         7     529.00     2.07    4096  48.39   70.260   46.932   92.136 5637.422  578.216   7.7   7.3   0.8
15:54:41.041         8       0.00     0.00       0   0.00    0.000    0.000    0.000    0.000    0.000   8.0   2.0   0.3
15:54:42.040         9       0.00     0.00       0   0.00    0.000    0.000    0.000    0.000    0.000   8.3   3.7   0.5
15:54:43.042        10       3.00     0.01    4096  66.67 3032.518 3031.779 3033.996 3033.996    2.535   7.7   4.5   0.8
15:54:45.349        11       0.00     0.00       0   0.00    0.000    0.000    0.000    0.000    0.000   8.3   4.1   1.0
15:54:45.352        12       0.00     0.00       0   0.00    0.000    0.000    0.000    0.000    0.000   8.0   2.6   0.8
15:54:46.004        13     597.00     2.33    4096  51.09   63.528   12.326  117.010 5579.104  534.826   7.7   2.1   1.0
15:54:47.040        14    4460.00    17.42    4096  49.57    2.275    2.515    2.039  955.233   40.406   8.0   3.3   1.5
15:54:48.041        15    3244.00    12.67    4096  48.21    0.569    0.391    0.735   13.514    1.579   8.0   2.8   0.5
15:54:49.007        16      35.00     0.14    4096  74.29  287.049  195.138  552.570 1657.731  632.722   8.0   1.3   0.5
15:54:50.042        17     505.00     1.97    4096  53.47   10.245    3.181   18.360 1847.105  117.053   8.0   2.3   0.8
15:54:51.043        18     538.00     2.10    4096  49.26   21.619   19.876   23.312 1363.449  153.691   8.0   1.3   0.5
15:54:52.040        19       0.00     0.00       0   0.00    0.000    0.000    0.000    0.000    0.000   8.0   2.3   0.8
15:54:53.041        20       0.00     0.00       0   0.00    0.000    0.000    0.000    0.000    0.000   8.0   1.8   0.5
15:54:56.376        21       7.00     0.03    4096  85.71 1762.354 1644.607 2468.837 2468.837 1203.911   8.3   2.7   0.7
15:54:56.378        22       0.00     0.00       0   0.00    0.000    0.000    0.000    0.000    0.000   8.0   1.3   0.5
15:54:56.379        23       0.00     0.00       0   0.00    0.000    0.000    0.000    0.000    0.000   8.0   2.3   0.5
15:54:57.005        24     520.00     2.03    4096  49.42   69.273   17.186  120.172 5810.326  548.923   7.7   3.2   1.1
15:54:58.040        25     449.00     1.75    4096  46.33   12.014   11.616   12.358  524.298   65.812   8.0   2.3   0.8
15:54:59.041        26     128.00     0.50    4096  45.31  103.077  161.888   54.348 1486.928  359.605   8.0   2.0   0.5
15:55:00.047        27       3.00     0.01    4096 100.00   18.770   18.770    0.000   19.045    0.238   8.0   2.3   0.8
15:55:01.041        28      57.00     0.22    4096  43.86   95.784  145.344   57.066 1826.010  409.985   8.0   2.5   1.0
15:55:02.039        29       0.00     0.00       0   0.00    0.000    0.000    0.000    0.000    0.000   8.0   1.3   0.5
15:55:03.046        30       0.00     0.00       0   0.00    0.000    0.000    0.000    0.000    0.000   8.0   2.3   0.5
15:55:03.060  		31     570.28     2.23    4096  49.62   12.403    9.146   15.611 5810.326  201.001   8.0   2.8   0.7