15:55:07.003         1  314944.00  1230.25    4096  33.11    0.018    0.002    0.027   38.285    0.445   5.9  13.2   6.5
15:55:08.040         2   45932.00   179.42    4096  33.18    0.173    0.002    0.259   47.744    1.920   8.0   2.4   1.1
15:55:09.042         3   16320.00    63.75    4096  32.99    0.343    0.002    0.511  226.283    3.787   8.0   1.8   0.8
15:55:13.871         4       0.00     0.00       0   0.00    0.000    0.000    0.000    0.000    0.000   8.3   1.5   0.7
15:55:13.873         5       0.00     0.00       0   0.00    0.000    0.000    0.000    0.000    0.000   8.0   1.5   0.8
15:55:13.876         6       0.00     0.00       0   0.00    0.000    0.000    0.000    0.000    0.000   8.0   2.6   0.3
15:55:13.878         7       0.00     0.00       0   0.00    0.000    0.000    0.000    0.000    0.000   8.0   1.8   0.3
15:55:14.002         8    6994.00    27.32    4096  33.17    6.057    0.002    9.063 5223.943  175.537   7.7   2.4   0.8
15:55:15.007         9       0.00     0.00       0   0.00    0.000    0.000    0.000    0.000    0.000   8.0   1.8   0.5
15:55:16.042        10       0.00     0.00       0   0.00    0.000    0.000    0.000    0.000    0.000   8.0   2.0   0.5
15:55:17.041        11       0.00     0.00       0   0.00    0.000    0.000    0.000    0.000    0.000   8.0   2.6   0.8
15:55:18.040        12       0.00     0.00       0   0.00    0.000    0.000    0.000    0.000    0.000   8.0   1.3   0.5
15:55:19.041        13       0.00     0.00       0   0.00    0.000    0.000    0.000    0.000    0.000   8.0   2.0   0.3
15:55:20.042        14   40958.00   159.99    4096  33.22    1.061    0.022    1.578 5307.270   74.090   7.9   6.4   4.1
15:55:21.002        15     462.00     1.80    4096  34.63   13.052    5.489   17.060  693.001   79.144   8.0   5.6   0.8
15:55:22.039        16       0.00     0.00       0   0.00    0.000    0.000    0.000    0.000    0.000   8.0   1.3   0.5
15:55:23.040        17     758.00     2.96    4096  31.93   26.402   14.553   31.959 2108.446  211.691   8.0   3.0   1.0
15:55:24.907        18       0.00     0.00       0   0.00    0.000    0.000    0.000    0.000    0.000   8.0   3.5   0.8
15:55:25.002        19     167.00     0.65    4096  35.33  109.758  151.351   87.035 2171.622  457.078   8.0   2.8   0.8
15:55:26.039        20    5061.00    19.77    4096  33.35    1.347    0.798    1.621  427.571   16.320   8.0   2.3   1.5
15:55:27.040        21      66.00     0.26    4096  42.42   83.026   73.327   90.173  688.196  224.721   8.3   1.7   1.0
15:55:28.041        22       0.00     0.00       0   0.00    0.000    0.000    0.000    0.000    0.000   7.7   1.8   0.8
15:55:29.041        23       0.00     0.00       0   0.00    0.000    0.000    0.000    0.000    0.000   8.0   0.5   0.3
15:55:30.042        24     553.00     2.16    4096  33.63   47.004   52.636   44.150 3197.365  369.857   8.0   2.5   1.0
15:55:31.042        25       0.00     0.00       0   0.00    0.000    0.000    0.000    0.000    0.000   8.0   1.5   0.3
15:55:35.638        26       0.00     0.00       0   0.00    0.000    0.000    0.000    0.000    0.000   8.3   2.2   0.7
15:55:35.642        27       3.00     0.01    4096  66.67 3034.279 3033.770 3035.298 3035.298    1.732   8.0   3.3   0.8
15:55:35.646        28       0.00     0.00       0   0.00    0.000    0.000    0.000    0.000    0.000   8.0   2.0   1.0
15:55:35.648        29       0.00     0.00       0   0.00    0.000    0.000    0.000    0.000    0.000   8.0   2.0   0.5
15:55:36.004        30      86.00     0.34    4096  29.07  315.669   11.908  440.161 5928.733 1281.584   7.7   3.1   0.8
15:55:38.578  		31    4046.90    15.81    4096  33.18    1.860    0.853    2.360 5928.733   81.123   8.0   2.4   0.8