15:55:41.004         1  200626.00   783.70    4096   0.00    0.024    0.000    0.024   59.386    0.647   5.0  10.4   4.5
15:55:42.043         2       1.00     0.00    4096   0.00   39.427    0.000   39.427   39.427    0.000   8.0  12.0   1.8
15:55:43.040         3       0.00     0.00       0   0.00    0.000    0.000    0.000    0.000    0.000   8.0   4.5   2.0
15:55:44.041         4       0.00     0.00       0   0.00    0.000    0.000    0.000    0.000    0.000   8.0   7.8   5.8
15:55:45.040         5       0.00     0.00       0   0.00    0.000    0.000    0.000    0.000    0.000   8.0   6.6   5.3
15:55:46.040         6       0.00     0.00       0   0.00    0.000    0.000    0.000    0.000    0.000   8.0   7.5   6.2
15:55:47.040         7   69816.00   272.72    4096   0.00    0.688    0.000    0.688 5860.117   62.567   8.0  14.9  11.3
15:55:48.039         8   42854.00   167.40    4096   0.00    0.186    0.000    0.186   73.581    2.445   8.0  14.3   3.7
15:55:49.039         9    6007.00    23.46    4096   0.00    0.273    0.000    0.273   59.162    3.036   8.0   9.4   1.5
15:55:51.264        10       0.00     0.00       0   0.00    0.000    0.000    0.000    0.000    0.000   8.3   4.4   0.5
15:55:51.266        11       0.00     0.00       0   0.00    0.000    0.000    0.000    0.000    0.000   8.0   0.8   0.3
15:55:52.002        12   29441.00   115.00    4096   0.00    1.033    0.000    1.033 3096.958   50.841   7.7   1.6   1.4
15:55:53.040        13   40326.00   157.52    4096   0.00    0.199    0.000    0.199   59.707    2.528   8.0   3.4   2.6
15:55:55.628        14    7236.00    28.27    4096   0.00    0.237    0.000    0.237   73.060    3.121   8.0   1.5   1.3
15:55:55.631        15       0.00     0.00       0   0.00    0.000    0.000    0.000    0.000    0.000   8.3   0.7   0.5
15:55:56.002        16   13183.00    51.50    4096   0.00    1.681    0.000    1.681 2448.047   59.620   7.7   0.5   0.3
15:55:57.039        17   31634.00   123.57    4096   0.00    0.254    0.000    0.254   47.784    2.720   8.0   1.8   1.3
15:55:58.039        18   23359.00    91.25    4096   0.00    0.339    0.000    0.339   81.989    3.592   8.0   2.6   2.1
15:55:59.040        19    2584.00    10.09    4096   0.00    1.099    0.000    1.099  663.349   15.526   8.0   1.8   1.3
15:56:02.657        20       0.00     0.00       0   0.00    0.000    0.000    0.000    0.000    0.000   8.3   0.5   0.2
15:56:02.658        21       0.00     0.00       0   0.00    0.000    0.000    0.000    0.000    0.000   8.0   0.8   0.5
15:56:02.659        22       0.00     0.00       0   0.00    0.000    0.000    0.000    0.000    0.000   8.0   1.3   0.8
15:56:05.410        23       9.00     0.04    4096   0.00 3839.494    0.000 3839.494 4431.174 1460.427   4.9   0.8   0.3
15:56:07.500        24       0.00     0.00       0   0.00    0.000    0.000    0.000    0.000    0.000   0.0   0.5   0.0
15:56:07.502        25       0.00     0.00       0   0.00    0.000    0.000    0.000    0.000    0.000   0.0   0.5   0.3
15:56:07.503        26       0.00     0.00       0   0.00    0.000    0.000    0.000    0.000    0.000   5.0   0.3   0.0
15:56:07.505        27       0.00     0.00       0   0.00    0.000    0.000    0.000    0.000    0.000   8.0   0.8   0.3
15:56:08.002        28   61392.00   239.81    4096   0.00    0.328    0.000    0.328 2096.057   23.955   7.6  28.9  16.3
15:56:09.143        29    7247.00    28.31    4096   0.00    1.243    0.000    1.243  202.584   11.570   8.8   3.0   2.5
15:56:10.053        30    9029.00    35.27    4096   0.00    0.810    0.000    0.810  241.139    9.151   7.3   3.9   3.4
15:56:10.060  		31   11866.14    46.35    4096   0.00    0.610    0.000    0.610 5860.117   41.222   7.2   4.7   2.5