:date 12162016-15:52:28.000
:fixed_data
0 0 0 0 sd_s1
:
:vdbench503_vdbench_data_for_swat303
:date 12162016-15:52:29.000 12162016-15:53:17.000
0 0 0 24576 97284288 0 0 6291456 4412292 0 4412292 0 0 0
:
:vdbench503_vdbench_data_for_swat303
:date 12162016-15:53:24.000 12162016-15:53:53.000
0 0 323806 0 235746372 0 2590448 0 1106992 1106992 0 0 0 0
:
:vdbench503_vdbench_data_for_swat303
:date 12162016-15:53:56.000 12162016-15:54:25.000
0 0 54335 26959 227818666 0 434680 215672 3308345 3308345 3298344 0 0 0
:
:vdbench503_vdbench_data_for_swat303
:date 12162016-15:54:34.000 12162016-15:55:03.000
0 0 8206 8332 205120358 0 65648 66656 5810326 5637009 5810326 0 0 0
:
:vdbench503_vdbench_data_for_swat303
:date 12162016-15:55:07.000 12162016-15:55:36.000
0 0 38941 78419 218285292 0 311528 627352 5928733 3035437 5928733 0 0 0
:
:vdbench503_vdbench_data_for_swat303
:date 12162016-15:55:41.000 12162016-15:56:10.000
0 0 0 344118 209805445 0 0 2752944 5860117 0 5860117 0 0 0
