:date 12162016-15:52:28.000
:fixed_data
0 0 0 0 sd_s1
:
:vdbench503_vdbench_data_for_swat303
:date 12162016-15:52:28.000 12162016-15:52:29.000
0 0 0 5820 1730648 0 0 1489920 51754 0 51754 0 0 0
:
:vdbench503_vdbench_data_for_swat303
:date 12162016-15:52:36.000 12162016-15:52:37.000
0 0 0 436 2059401 0 0 111616 35707 0 35707 0 0 0
:
:vdbench503_vdbench_data_for_swat303
:date 12162016-15:52:36.000 12162016-15:52:37.000
0 0 0 542 2011213 0 0 138752 23715 0 23715 0 0 0
:
:vdbench503_vdbench_data_for_swat303
:date 12162016-15:52:36.000 12162016-15:52:37.000
0 0 0 431 1996010 0 0 110336 31727 0 31727 0 0 0
:
:vdbench503_vdbench_data_for_swat303
:date 12162016-15:52:36.000 12162016-15:52:37.000
0 0 0 123 622265 0 0 31488 47802 0 47802 0 0 0
:
:vdbench503_vdbench_data_for_swat303
:date 12162016-15:52:36.000 12162016-15:52:37.000
0 0 0 1 1308550 0 0 256 1308550 0 1308550 0 0 0
:
:vdbench503_vdbench_data_for_swat303
:date 12162016-15:52:36.000 12162016-15:52:37.000
0 0 0 0 0 0 0 0 0 0 0 0 0 0
:
:vdbench503_vdbench_data_for_swat303
:date 12162016-15:52:36.000 12162016-15:52:37.000
0 0 0 0 0 0 0 0 0 0 0 0 0 0
:
:vdbench503_vdbench_data_for_swat303
:date 12162016-15:52:36.000 12162016-15:52:37.000
0 0 0 1776 8151990 0 0 454656 3936263 0 3936263 0 0 0
:
:vdbench503_vdbench_data_for_swat303
:date 12162016-15:52:37.000 12162016-15:52:38.000
0 0 0 417 1796813 0 0 106752 119613 0 119613 0 0 0
:
:vdbench503_vdbench_data_for_swat303
:date 12162016-15:52:38.000 12162016-15:52:39.000
0 0 0 292 1344510 0 0 74752 26908 0 26908 0 0 0
:
:vdbench503_vdbench_data_for_swat303
:date 12162016-15:52:39.000 12162016-15:52:40.000
0 0 0 0 0 0 0 0 0 0 0 0 0 0
:
:vdbench503_vdbench_data_for_swat303
:date 12162016-15:52:40.000 12162016-15:52:41.000
0 0 0 715 4662722 0 0 183040 2203421 0 2203421 0 0 0
:
:vdbench503_vdbench_data_for_swat303
:date 12162016-15:52:41.000 12162016-15:52:42.000
0 0 0 559 1981531 0 0 143104 47504 0 47504 0 0 0
:
:vdbench503_vdbench_data_for_swat303
:date 12162016-15:52:42.000 12162016-15:52:43.000
0 0 0 475 1983578 0 0 121600 46689 0 46689 0 0 0
:
:vdbench503_vdbench_data_for_swat303
:date 12162016-15:52:43.000 12162016-15:52:44.000
0 0 0 331 1373775 0 0 84736 23547 0 23547 0 0 0
:
:vdbench503_vdbench_data_for_swat303
:date 12162016-15:52:45.000 12162016-15:52:46.000
0 0 0 0 0 0 0 0 0 0 0 0 0 0
:
:vdbench503_vdbench_data_for_swat303
:date 12162016-15:52:45.000 12162016-15:52:46.000
0 0 0 0 0 0 0 0 0 0 0 0 0 0
:
:vdbench503_vdbench_data_for_swat303
:date 12162016-15:52:46.000 12162016-15:52:47.000
0 0 0 173 6098183 0 0 44288 3032586 0 3032586 0 0 0
:
:vdbench503_vdbench_data_for_swat303
:date 12162016-15:52:47.000 12162016-15:52:48.000
0 0 0 1402 2553718 0 0 358912 921760 0 921760 0 0 0
:
:vdbench503_vdbench_data_for_swat303
:date 12162016-15:52:48.000 12162016-15:52:49.000
0 0 0 416 1502648 0 0 106496 47543 0 47543 0 0 0
:
:vdbench503_vdbench_data_for_swat303
:date 12162016-15:52:49.000 12162016-15:52:50.000
0 0 0 1 500074 0 0 256 500074 0 500074 0 0 0
:
:vdbench503_vdbench_data_for_swat303
:date 12162016-15:52:50.000 12162016-15:52:51.000
0 0 0 0 0 0 0 0 0 0 0 0 0 0
:
:vdbench503_vdbench_data_for_swat303
:date 12162016-15:52:51.000 12162016-15:52:52.000
0 0 0 0 0 0 0 0 0 0 0 0 0 0
:
:vdbench503_vdbench_data_for_swat303
:date 12162016-15:52:52.000 12162016-15:52:53.000
0 0 0 0 0 0 0 0 0 0 0 0 0 0
:
:vdbench503_vdbench_data_for_swat303
:date 12162016-15:52:53.000 12162016-15:52:54.000
0 0 0 2169 9991726 0 0 555264 4412292 0 4412292 0 0 0
:
:vdbench503_vdbench_data_for_swat303
:date 12162016-15:52:54.000 12162016-15:52:55.000
0 0 0 124 788680 0 0 31744 170754 0 170754 0 0 0
:
:vdbench503_vdbench_data_for_swat303
:date 12162016-15:52:56.000 12162016-15:52:57.000
0 0 0 0 0 0 0 0 0 0 0 0 0 0
:
:vdbench503_vdbench_data_for_swat303
:date 12162016-15:53:01.000 12162016-15:53:01.000
0 0 0 0 0 0 0 0 0 0 0 0 0 0
:
:vdbench503_vdbench_data_for_swat303
:date 12162016-15:53:01.000 12162016-15:53:01.000
0 0 0 1391 7199816 0 0 356096 2781308 0 2781308 0 0 0
:
:vdbench503_vdbench_data_for_swat303
:date 12162016-15:53:01.000 12162016-15:53:01.000
0 0 0 1256 7154269 0 0 321536 2109621 0 2109621 0 0 0
:
:vdbench503_vdbench_data_for_swat303
:date 12162016-15:53:01.000 12162016-15:53:01.000
0 0 0 0 0 0 0 0 0 0 0 0 0 0
:
:vdbench503_vdbench_data_for_swat303
:date 12162016-15:53:01.000 12162016-15:53:01.000
0 0 0 0 0 0 0 0 0 0 0 0 0 0
:
:vdbench503_vdbench_data_for_swat303
:date 12162016-15:53:01.000 12162016-15:53:02.000
0 0 0 255 818050 0 0 65280 31800 0 31800 0 0 0
:
:vdbench503_vdbench_data_for_swat303
:date 12162016-15:53:06.000 12162016-15:53:06.000
0 0 0 312 9593131 0 0 79872 4386594 0 4386594 0 0 0
:
:vdbench503_vdbench_data_for_swat303
:date 12162016-15:53:06.000 12162016-15:53:06.000
0 0 0 15 4459 0 0 3840 487 0 487 0 0 0
:
:vdbench503_vdbench_data_for_swat303
:date 12162016-15:53:06.000 12162016-15:53:06.000
0 0 0 14 2660 0 0 3584 338 0 338 0 0 0
:
:vdbench503_vdbench_data_for_swat303
:date 12162016-15:53:06.000 12162016-15:53:06.000
0 0 0 13 2343 0 0 3328 305 0 305 0 0 0
:
:vdbench503_vdbench_data_for_swat303
:date 12162016-15:53:06.000 12162016-15:53:07.000
0 0 0 1520 267812 0 0 389120 2958 0 2958 0 0 0
:
:vdbench503_vdbench_data_for_swat303
:date 12162016-15:53:07.000 12162016-15:53:08.000
0 0 0 23 1998098 0 0 5888 498962 0 498962 0 0 0
:
:vdbench503_vdbench_data_for_swat303
:date 12162016-15:53:08.000 12162016-15:53:09.000
0 0 0 718 935992 0 0 183808 99857 0 99857 0 0 0
:
:vdbench503_vdbench_data_for_swat303
:date 12162016-15:53:10.000 12162016-15:53:11.000
0 0 0 0 0 0 0 0 0 0 0 0 0 0
:
:vdbench503_vdbench_data_for_swat303
:date 12162016-15:53:10.000 12162016-15:53:11.000
0 0 0 0 0 0 0 0 0 0 0 0 0 0
:
:vdbench503_vdbench_data_for_swat303
:date 12162016-15:53:11.000 12162016-15:53:12.000
0 0 0 1290 7222693 0 0 330240 3394047 0 3394047 0 0 0
:
:vdbench503_vdbench_data_for_swat303
:date 12162016-15:53:12.000 12162016-15:53:13.000
0 0 0 577 1630229 0 0 147712 25992 0 25992 0 0 0
:
:vdbench503_vdbench_data_for_swat303
:date 12162016-15:53:13.000 12162016-15:53:14.000
0 0 0 0 0 0 0 0 0 0 0 0 0 0
:
:vdbench503_vdbench_data_for_swat303
:date 12162016-15:53:14.000 12162016-15:53:15.000
0 0 0 0 0 0 0 0 0 0 0 0 0 0
:
:vdbench503_vdbench_data_for_swat303
:date 12162016-15:53:15.000 12162016-15:53:16.000
0 0 0 0 0 0 0 0 0 0 0 0 0 0
:
:vdbench503_vdbench_data_for_swat303
:date 12162016-15:53:16.000 12162016-15:53:17.000
0 0 0 989 7996701 0 0 253184 3913047 0 3913047 0 0 0
:
:vdbench503_vdbench_data_for_swat303
:date 12162016-15:53:23.000 12162016-15:53:24.000
0 0 1 0 20 0 8 0 20 20 0 0 0 0
:
:vdbench503_vdbench_data_for_swat303
:date 12162016-15:53:24.000 12162016-15:53:25.000
0 0 220 0 8668760 0 1760 0 934619 934619 0 0 0 0
:
:vdbench503_vdbench_data_for_swat303
:date 12162016-15:53:25.000 12162016-15:53:26.000
0 0 3552 0 11565840 0 28416 0 1106992 1106992 0 0 0 0
:
:vdbench503_vdbench_data_for_swat303
:date 12162016-15:53:26.000 12162016-15:53:27.000
0 0 14624 0 7973605 0 116992 0 10984 10984 0 0 0 0
:
:vdbench503_vdbench_data_for_swat303
:date 12162016-15:53:27.000 12162016-15:53:28.000
0 0 8896 0 5048693 0 71168 0 4229 4229 0 0 0 0
:
:vdbench503_vdbench_data_for_swat303
:date 12162016-15:53:28.000 12162016-15:53:29.000
0 0 128 0 9363831 0 1024 0 591117 591117 0 0 0 0
:
:vdbench503_vdbench_data_for_swat303
:date 12162016-15:53:29.000 12162016-15:53:30.000
0 0 128 0 7944959 0 1024 0 608580 608580 0 0 0 0
:
:vdbench503_vdbench_data_for_swat303
:date 12162016-15:53:30.000 12162016-15:53:31.000
0 0 224 0 4982716 0 1792 0 406173 406173 0 0 0 0
:
:vdbench503_vdbench_data_for_swat303
:date 12162016-15:53:31.000 12162016-15:53:32.000
0 0 7712 0 12657687 0 61696 0 939071 939071 0 0 0 0
:
:vdbench503_vdbench_data_for_swat303
:date 12162016-15:53:32.000 12162016-15:53:33.000
0 0 14048 0 7963584 0 112384 0 4979 4979 0 0 0 0
:
:vdbench503_vdbench_data_for_swat303
:date 12162016-15:53:33.000 12162016-15:53:34.000
0 0 14176 0 7993024 0 113408 0 4871 4871 0 0 0 0
:
:vdbench503_vdbench_data_for_swat303
:date 12162016-15:53:34.000 12162016-15:53:35.000
0 0 12847 0 7976702 0 102776 0 68510 68510 0 0 0 0
:
:vdbench503_vdbench_data_for_swat303
:date 12162016-15:53:35.000 12162016-15:53:36.000
0 0 14364 0 7978233 0 114912 0 47014 47014 0 0 0 0
:
:vdbench503_vdbench_data_for_swat303
:date 12162016-15:53:36.000 12162016-15:53:37.000
0 0 14997 0 7954413 0 119976 0 4218 4218 0 0 0 0
:
:vdbench503_vdbench_data_for_swat303
:date 12162016-15:53:37.000 12162016-15:53:38.000
0 0 14400 0 7986621 0 115200 0 4234 4234 0 0 0 0
:
:vdbench503_vdbench_data_for_swat303
:date 12162016-15:53:38.000 12162016-15:53:39.000
0 0 13472 0 7972905 0 107776 0 62316 62316 0 0 0 0
:
:vdbench503_vdbench_data_for_swat303
:date 12162016-15:53:39.000 12162016-15:53:40.000
0 0 14080 0 7996613 0 112640 0 4981 4981 0 0 0 0
:
:vdbench503_vdbench_data_for_swat303
:date 12162016-15:53:40.000 12162016-15:53:41.000
0 0 10944 0 7956680 0 87552 0 180300 180300 0 0 0 0
:
:vdbench503_vdbench_data_for_swat303
:date 12162016-15:53:41.000 12162016-15:53:42.000
0 0 14272 0 7999370 0 114176 0 38576 38576 0 0 0 0
:
:vdbench503_vdbench_data_for_swat303
:date 12162016-15:53:42.000 12162016-15:53:43.000
0 0 14976 0 7966448 0 119808 0 4802 4802 0 0 0 0
:
:vdbench503_vdbench_data_for_swat303
:date 12162016-15:53:43.000 12162016-15:53:44.000
0 0 12704 0 7993012 0 101632 0 80476 80476 0 0 0 0
:
:vdbench503_vdbench_data_for_swat303
:date 12162016-15:53:44.000 12162016-15:53:45.000
0 0 14336 0 7981641 0 114688 0 13726 13726 0 0 0 0
:
:vdbench503_vdbench_data_for_swat303
:date 12162016-15:53:45.000 12162016-15:53:46.000
0 0 12960 0 7966156 0 103680 0 64725 64725 0 0 0 0
:
:vdbench503_vdbench_data_for_swat303
:date 12162016-15:53:46.000 12162016-15:53:47.000
0 0 14080 0 8003052 0 112640 0 5759 5759 0 0 0 0
:
:vdbench503_vdbench_data_for_swat303
:date 12162016-15:53:47.000 12162016-15:53:48.000
0 0 11744 0 7964533 0 93952 0 97925 97925 0 0 0 0
:
:vdbench503_vdbench_data_for_swat303
:date 12162016-15:53:48.000 12162016-15:53:49.000
0 0 14304 0 7963566 0 114432 0 36888 36888 0 0 0 0
:
:vdbench503_vdbench_data_for_swat303
:date 12162016-15:53:49.000 12162016-15:53:50.000
0 0 13855 0 7981495 0 110840 0 86217 86217 0 0 0 0
:
:vdbench503_vdbench_data_for_swat303
:date 12162016-15:53:50.000 12162016-15:53:51.000
0 0 14019 0 7986348 0 112152 0 82087 82087 0 0 0 0
:
:vdbench503_vdbench_data_for_swat303
:date 12162016-15:53:51.000 12162016-15:53:52.000
0 0 13632 0 7966334 0 109056 0 68167 68167 0 0 0 0
:
:vdbench503_vdbench_data_for_swat303
:date 12162016-15:53:52.000 12162016-15:53:53.000
0 0 14112 0 7989551 0 112896 0 5634 5634 0 0 0 0
:
:vdbench503_vdbench_data_for_swat303
:date 12162016-15:53:55.000 12162016-15:53:56.000
0 0 222621 109954 1660242 0 1780968 879632 21169 11863 21169 0 0 0
:
:vdbench503_vdbench_data_for_swat303
:date 12162016-15:53:56.000 12162016-15:53:57.000
0 0 9315 4644 8594721 0 74520 37152 65037 65037 65006 0 0 0
:
:vdbench503_vdbench_data_for_swat303
:date 12162016-15:53:57.000 12162016-15:53:58.000
0 0 8320 4040 7684354 0 66560 32320 65917 54632 65917 0 0 0
:
:vdbench503_vdbench_data_for_swat303
:date 12162016-15:53:58.000 12162016-15:53:59.000
0 0 5859 2831 6964402 0 46872 22648 145761 135808 145761 0 0 0
:
:vdbench503_vdbench_data_for_swat303
:date 12162016-15:53:59.000 12162016-15:54:00.000
0 0 0 0 0 0 0 0 0 0 0 0 0 0
:
:vdbench503_vdbench_data_for_swat303
:date 12162016-15:54:00.000 12162016-15:54:01.000
0 0 6838 3489 17000751 0 54704 27912 1556716 1414931 1556716 0 0 0
:
:vdbench503_vdbench_data_for_swat303
:date 12162016-15:54:01.000 12162016-15:54:02.000
0 0 7445 3712 7443099 0 59560 29696 81381 79631 81381 0 0 0
:
:vdbench503_vdbench_data_for_swat303
:date 12162016-15:54:02.000 12162016-15:54:03.000
0 0 250 128 6377787 0 2000 1024 604212 583122 604212 0 0 0
:
:vdbench503_vdbench_data_for_swat303
:date 12162016-15:54:03.000 12162016-15:54:04.000
0 0 2865 1448 10158074 0 22920 11584 959347 44101 959347 0 0 0
:
:vdbench503_vdbench_data_for_swat303
:date 12162016-15:54:04.000 12162016-15:54:05.000
0 0 9288 4535 7988243 0 74304 36280 54140 49178 54140 0 0 0
:
:vdbench503_vdbench_data_for_swat303
:date 12162016-15:54:05.000 12162016-15:54:06.000
0 0 2300 1150 3842569 0 18400 9200 113698 111531 113698 0 0 0
:
:vdbench503_vdbench_data_for_swat303
:date 12162016-15:54:06.000 12162016-15:54:07.000
0 0 97 32 4504746 0 776 256 548103 548103 544836 0 0 0
:
:vdbench503_vdbench_data_for_swat303
:date 12162016-15:54:07.000 12162016-15:54:08.000
0 0 0 0 0 0 0 0 0 0 0 0 0 0
:
:vdbench503_vdbench_data_for_swat303
:date 12162016-15:54:08.000 12162016-15:54:09.000
0 0 0 0 0 0 0 0 0 0 0 0 0 0
:
:vdbench503_vdbench_data_for_swat303
:date 12162016-15:54:09.000 12162016-15:54:10.000
0 0 408 207 28517716 0 3264 1656 3308345 3308345 3298344 0 0 0
:
:vdbench503_vdbench_data_for_swat303
:date 12162016-15:54:10.000 12162016-15:54:11.000
0 0 0 0 0 0 0 0 0 0 0 0 0 0
:
:vdbench503_vdbench_data_for_swat303
:date 12162016-15:54:11.000 12162016-15:54:12.000
0 0 0 0 0 0 0 0 0 0 0 0 0 0
:
:vdbench503_vdbench_data_for_swat303
:date 12162016-15:54:12.000 12162016-15:54:13.000
0 0 47 20 24416937 0 376 160 3050016 3050016 20 0 0 0
:
:vdbench503_vdbench_data_for_swat303
:date 12162016-15:54:13.000 12162016-15:54:14.000
0 0 71 53 10664992 0 568 424 1326081 1326081 1326060 0 0 0
:
:vdbench503_vdbench_data_for_swat303
:date 12162016-15:54:14.000 12162016-15:54:15.000
0 0 42 30 572989 0 336 240 80876 37458 80876 0 0 0
:
:vdbench503_vdbench_data_for_swat303
:date 12162016-15:54:15.000 12162016-15:54:16.000
0 0 85 34 13264320 0 680 272 1514597 1514597 122894 0 0 0
:
:vdbench503_vdbench_data_for_swat303
:date 12162016-15:54:16.000 12162016-15:54:17.000
0 0 101 59 10156218 0 808 472 1267164 1247972 1267164 0 0 0
:
:vdbench503_vdbench_data_for_swat303
:date 12162016-15:54:17.000 12162016-15:54:18.000
0 0 117 61 3114438 0 936 488 373231 348334 373231 0 0 0
:
:vdbench503_vdbench_data_for_swat303
:date 12162016-15:54:18.000 12162016-15:54:19.000
0 0 0 0 0 0 0 0 0 0 0 0 0 0
:
:vdbench503_vdbench_data_for_swat303
:date 12162016-15:54:19.000 12162016-15:54:20.000
0 0 44 22 18086696 0 352 176 2261206 2260708 2261206 0 0 0
:
:vdbench503_vdbench_data_for_swat303
:date 12162016-15:54:20.000 12162016-15:54:21.000
0 0 114 50 10491615 0 912 400 1181494 725881 1181494 0 0 0
:
:vdbench503_vdbench_data_for_swat303
:date 12162016-15:54:21.000 12162016-15:54:22.000
0 0 292 170 1110885 0 2336 1360 69412 69412 69279 0 0 0
:
:vdbench503_vdbench_data_for_swat303
:date 12162016-15:54:22.000 12162016-15:54:23.000
0 0 0 0 0 0 0 0 0 0 0 0 0 0
:
:vdbench503_vdbench_data_for_swat303
:date 12162016-15:54:23.000 12162016-15:54:24.000
0 0 0 0 0 0 0 0 0 0 0 0 0 0
:
:vdbench503_vdbench_data_for_swat303
:date 12162016-15:54:24.000 12162016-15:54:25.000
0 0 437 244 26863114 0 3496 1952 3163562 3040456 3163562 0 0 0
:
:vdbench503_vdbench_data_for_swat303
:date 12162016-15:54:33.000 12162016-15:54:34.000
0 0 204491 204048 4886926 0 1635928 1632384 27386 9061 27386 0 0 0
:
:vdbench503_vdbench_data_for_swat303
:date 12162016-15:54:34.000 12162016-15:54:35.000
0 0 2746 2712 410940 0 21968 21696 27601 717 27601 0 0 0
:
:vdbench503_vdbench_data_for_swat303
:date 12162016-15:54:35.000 12162016-15:54:36.000
0 0 0 0 0 0 0 0 0 0 0 0 0 0
:
:vdbench503_vdbench_data_for_swat303
:date 12162016-15:54:36.000 12162016-15:54:37.000
0 0 0 0 0 0 0 0 0 0 0 0 0 0
:
:vdbench503_vdbench_data_for_swat303
:date 12162016-15:54:37.000 12162016-15:54:38.000
0 0 4 1 9211610 0 32 8 3157447 3027943 3157447 0 0 0
:
:vdbench503_vdbench_data_for_swat303
:date 12162016-15:54:38.000 12162016-15:54:39.000
0 0 0 0 0 0 0 0 0 0 0 0 0 0
:
:vdbench503_vdbench_data_for_swat303
:date 12162016-15:54:39.000 12162016-15:54:40.000
0 0 256 273 37167631 0 2048 2184 5637422 5637009 5637422 0 0 0
:
:vdbench503_vdbench_data_for_swat303
:date 12162016-15:54:40.000 12162016-15:54:41.000
0 0 0 0 0 0 0 0 0 0 0 0 0 0
:
:vdbench503_vdbench_data_for_swat303
:date 12162016-15:54:41.000 12162016-15:54:42.000
0 0 0 0 0 0 0 0 0 0 0 0 0 0
:
:vdbench503_vdbench_data_for_swat303
:date 12162016-15:54:42.000 12162016-15:54:43.000
0 0 2 1 9097553 0 16 8 3033996 3033967 3033996 0 0 0
:
:vdbench503_vdbench_data_for_swat303
:date 12162016-15:54:44.000 12162016-15:54:45.000
0 0 0 0 0 0 0 0 0 0 0 0 0 0
:
:vdbench503_vdbench_data_for_swat303
:date 12162016-15:54:44.000 12162016-15:54:45.000
0 0 0 0 0 0 0 0 0 0 0 0 0 0
:
:vdbench503_vdbench_data_for_swat303
:date 12162016-15:54:45.000 12162016-15:54:46.000
0 0 305 292 37926243 0 2440 2336 5579104 2461398 5579104 0 0 0
:
:vdbench503_vdbench_data_for_swat303
:date 12162016-15:54:46.000 12162016-15:54:47.000
0 0 2211 2249 10147045 0 17688 17992 955233 955031 955233 0 0 0
:
:vdbench503_vdbench_data_for_swat303
:date 12162016-15:54:47.000 12162016-15:54:48.000
0 0 1564 1680 1845233 0 12512 13440 13514 5993 13514 0 0 0
:
:vdbench503_vdbench_data_for_swat303
:date 12162016-15:54:48.000 12162016-15:54:49.000
0 0 26 9 10046725 0 208 72 1657731 1657487 1657731 0 0 0
:
:vdbench503_vdbench_data_for_swat303
:date 12162016-15:54:49.000 12162016-15:54:50.000
0 0 270 235 5173575 0 2160 1880 1847105 135416 1847105 0 0 0
:
:vdbench503_vdbench_data_for_swat303
:date 12162016-15:54:50.000 12162016-15:54:51.000
0 0 265 273 11631080 0 2120 2184 1363449 1205779 1363449 0 0 0
:
:vdbench503_vdbench_data_for_swat303
:date 12162016-15:54:51.000 12162016-15:54:52.000
0 0 0 0 0 0 0 0 0 0 0 0 0 0
:
:vdbench503_vdbench_data_for_swat303
:date 12162016-15:54:52.000 12162016-15:54:53.000
0 0 0 0 0 0 0 0 0 0 0 0 0 0
:
:vdbench503_vdbench_data_for_swat303
:date 12162016-15:54:55.000 12162016-15:54:56.000
0 0 6 1 12336477 0 48 8 2468837 2468821 2468837 0 0 0
:
:vdbench503_vdbench_data_for_swat303
:date 12162016-15:54:55.000 12162016-15:54:56.000
0 0 0 0 0 0 0 0 0 0 0 0 0 0
:
:vdbench503_vdbench_data_for_swat303
:date 12162016-15:54:55.000 12162016-15:54:56.000
0 0 0 0 0 0 0 0 0 0 0 0 0 0
:
:vdbench503_vdbench_data_for_swat303
:date 12162016-15:54:56.000 12162016-15:54:57.000
0 0 257 263 36022003 0 2056 2104 5810326 3309678 5810326 0 0 0
:
:vdbench503_vdbench_data_for_swat303
:date 12162016-15:54:57.000 12162016-15:54:58.000
0 0 208 241 5394344 0 1664 1928 524298 455420 524298 0 0 0
:
:vdbench503_vdbench_data_for_swat303
:date 12162016-15:54:58.000 12162016-15:54:59.000
0 0 58 70 13193887 0 464 560 1486928 1486913 1486928 0 0 0
:
:vdbench503_vdbench_data_for_swat303
:date 12162016-15:54:59.000 12162016-15:55:00.000
0 0 3 0 56311 0 24 0 19045 19045 0 0 0 0
:
:vdbench503_vdbench_data_for_swat303
:date 12162016-15:55:00.000 12162016-15:55:01.000
0 0 25 32 5459701 0 200 256 1826010 1825967 1826010 0 0 0
:
:vdbench503_vdbench_data_for_swat303
:date 12162016-15:55:01.000 12162016-15:55:02.000
0 0 0 0 0 0 0 0 0 0 0 0 0 0
:
:vdbench503_vdbench_data_for_swat303
:date 12162016-15:55:02.000 12162016-15:55:03.000
0 0 0 0 0 0 0 0 0 0 0 0 0 0
:
:vdbench503_vdbench_data_for_swat303
:date 12162016-15:55:06.000 12162016-15:55:07.000
0 0 104270 210674 5825820 0 834160 1685392 38285 4021 38285 0 0 0
:
:vdbench503_vdbench_data_for_swat303
:date 12162016-15:55:07.000 12162016-15:55:08.000
0 0 15240 30692 7960566 0 121920 245536 47744 1346 47744 0 0 0
:
:vdbench503_vdbench_data_for_swat303
:date 12162016-15:55:08.000 12162016-15:55:09.000
0 0 5384 10936 5595180 0 43072 87488 226283 735 226283 0 0 0
:
:vdbench503_vdbench_data_for_swat303
:date 12162016-15:55:12.000 12162016-15:55:13.000
0 0 0 0 0 0 0 0 0 0 0 0 0 0
:
:vdbench503_vdbench_data_for_swat303
:date 12162016-15:55:12.000 12162016-15:55:13.000
0 0 0 0 0 0 0 0 0 0 0 0 0 0
:
:vdbench503_vdbench_data_for_swat303
:date 12162016-15:55:12.000 12162016-15:55:13.000
0 0 0 0 0 0 0 0 0 0 0 0 0 0
:
:vdbench503_vdbench_data_for_swat303
:date 12162016-15:55:12.000 12162016-15:55:13.000
0 0 0 0 0 0 0 0 0 0 0 0 0 0
:
:vdbench503_vdbench_data_for_swat303
:date 12162016-15:55:13.000 12162016-15:55:14.000
0 0 2320 4674 42362528 0 18560 37392 5223943 16 5223943 0 0 0
:
:vdbench503_vdbench_data_for_swat303
:date 12162016-15:55:14.000 12162016-15:55:15.000
0 0 0 0 0 0 0 0 0 0 0 0 0 0
:
:vdbench503_vdbench_data_for_swat303
:date 12162016-15:55:15.000 12162016-15:55:16.000
0 0 0 0 0 0 0 0 0 0 0 0 0 0
:
:vdbench503_vdbench_data_for_swat303
:date 12162016-15:55:16.000 12162016-15:55:17.000
0 0 0 0 0 0 0 0 0 0 0 0 0 0
:
:vdbench503_vdbench_data_for_swat303
:date 12162016-15:55:17.000 12162016-15:55:18.000
0 0 0 0 0 0 0 0 0 0 0 0 0 0
:
:vdbench503_vdbench_data_for_swat303
:date 12162016-15:55:18.000 12162016-15:55:19.000
0 0 0 0 0 0 0 0 0 0 0 0 0 0
:
:vdbench503_vdbench_data_for_swat303
:date 12162016-15:55:19.000 12162016-15:55:20.000
0 0 13607 27351 43456294 0 108856 218808 5307270 106976 5307270 0 0 0
:
:vdbench503_vdbench_data_for_swat303
:date 12162016-15:55:20.000 12162016-15:55:21.000
0 0 160 302 6030216 0 1280 2416 693001 579707 693001 0 0 0
:
:vdbench503_vdbench_data_for_swat303
:date 12162016-15:55:21.000 12162016-15:55:22.000
0 0 0 0 0 0 0 0 0 0 0 0 0 0
:
:vdbench503_vdbench_data_for_swat303
:date 12162016-15:55:22.000 12162016-15:55:23.000
0 0 242 516 20012717 0 1936 4128 2108446 1951212 2108446 0 0 0
:
:vdbench503_vdbench_data_for_swat303
:date 12162016-15:55:23.000 12162016-15:55:24.000
0 0 0 0 0 0 0 0 0 0 0 0 0 0
:
:vdbench503_vdbench_data_for_swat303
:date 12162016-15:55:24.000 12162016-15:55:25.000
0 0 59 108 18329519 0 472 864 2171622 2126103 2171622 0 0 0
:
:vdbench503_vdbench_data_for_swat303
:date 12162016-15:55:25.000 12162016-15:55:26.000
0 0 1688 3373 6814816 0 13504 26984 427571 76817 427571 0 0 0
:
:vdbench503_vdbench_data_for_swat303
:date 12162016-15:55:26.000 12162016-15:55:27.000
0 0 28 38 5479706 0 224 304 688196 681661 688196 0 0 0
:
:vdbench503_vdbench_data_for_swat303
:date 12162016-15:55:27.000 12162016-15:55:28.000
0 0 0 0 0 0 0 0 0 0 0 0 0 0
:
:vdbench503_vdbench_data_for_swat303
:date 12162016-15:55:28.000 12162016-15:55:29.000
0 0 0 0 0 0 0 0 0 0 0 0 0 0
:
:vdbench503_vdbench_data_for_swat303
:date 12162016-15:55:29.000 12162016-15:55:30.000
0 0 186 367 25993376 0 1488 2936 3197365 3035437 3197365 0 0 0
:
:vdbench503_vdbench_data_for_swat303
:date 12162016-15:55:30.000 12162016-15:55:31.000
0 0 0 0 0 0 0 0 0 0 0 0 0 0
:
:vdbench503_vdbench_data_for_swat303
:date 12162016-15:55:34.000 12162016-15:55:35.000
0 0 0 0 0 0 0 0 0 0 0 0 0 0
:
:vdbench503_vdbench_data_for_swat303
:date 12162016-15:55:34.000 12162016-15:55:35.000
0 0 2 1 9102837 0 16 8 3035298 3035260 3035298 0 0 0
:
:vdbench503_vdbench_data_for_swat303
:date 12162016-15:55:34.000 12162016-15:55:35.000
0 0 0 0 0 0 0 0 0 0 0 0 0 0
:
:vdbench503_vdbench_data_for_swat303
:date 12162016-15:55:34.000 12162016-15:55:35.000
0 0 0 0 0 0 0 0 0 0 0 0 0 0
:
:vdbench503_vdbench_data_for_swat303
:date 12162016-15:55:35.000 12162016-15:55:36.000
0 0 25 61 27147537 0 200 488 5928733 297578 5928733 0 0 0
:
:vdbench503_vdbench_data_for_swat303
:date 12162016-15:55:40.000 12162016-15:55:41.000
0 0 0 200626 4807763 0 0 1605008 59386 0 59386 0 0 0
:
:vdbench503_vdbench_data_for_swat303
:date 12162016-15:55:41.000 12162016-15:55:42.000
0 0 0 1 39427 0 0 8 39427 0 39427 0 0 0
:
:vdbench503_vdbench_data_for_swat303
:date 12162016-15:55:42.000 12162016-15:55:43.000
0 0 0 0 0 0 0 0 0 0 0 0 0 0
:
:vdbench503_vdbench_data_for_swat303
:date 12162016-15:55:43.000 12162016-15:55:44.000
0 0 0 0 0 0 0 0 0 0 0 0 0 0
:
:vdbench503_vdbench_data_for_swat303
:date 12162016-15:55:44.000 12162016-15:55:45.000
0 0 0 0 0 0 0 0 0 0 0 0 0 0
:
:vdbench503_vdbench_data_for_swat303
:date 12162016-15:55:45.000 12162016-15:55:46.000
0 0 0 0 0 0 0 0 0 0 0 0 0 0
:
:vdbench503_vdbench_data_for_swat303
:date 12162016-15:55:46.000 12162016-15:55:47.000
0 0 0 69816 48030245 0 0 558528 5860117 0 5860117 0 0 0
:
:vdbench503_vdbench_data_for_swat303
:date 12162016-15:55:47.000 12162016-15:55:48.000
0 0 0 42854 7964430 0 0 342832 73581 0 73581 0 0 0
:
:vdbench503_vdbench_data_for_swat303
:date 12162016-15:55:48.000 12162016-15:55:49.000
0 0 0 6007 1639868 0 0 48056 59162 0 59162 0 0 0
:
:vdbench503_vdbench_data_for_swat303
:date 12162016-15:55:50.000 12162016-15:55:51.000
0 0 0 0 0 0 0 0 0 0 0 0 0 0
:
:vdbench503_vdbench_data_for_swat303
:date 12162016-15:55:50.000 12162016-15:55:51.000
0 0 0 0 0 0 0 0 0 0 0 0 0 0
:
:vdbench503_vdbench_data_for_swat303
:date 12162016-15:55:51.000 12162016-15:55:52.000
0 0 0 29441 30414256 0 0 235528 3096958 0 3096958 0 0 0
:
:vdbench503_vdbench_data_for_swat303
:date 12162016-15:55:52.000 12162016-15:55:53.000
0 0 0 40326 8037377 0 0 322608 59707 0 59707 0 0 0
:
:vdbench503_vdbench_data_for_swat303
:date 12162016-15:55:53.000 12162016-15:55:54.000
0 0 0 7236 1716754 0 0 57888 73060 0 73060 0 0 0
:
:vdbench503_vdbench_data_for_swat303
:date 12162016-15:55:54.000 12162016-15:55:55.000
0 0 0 0 0 0 0 0 0 0 0 0 0 0
:
:vdbench503_vdbench_data_for_swat303
:date 12162016-15:55:55.000 12162016-15:55:56.000
0 0 0 13183 22156993 0 0 105464 2448047 0 2448047 0 0 0
:
:vdbench503_vdbench_data_for_swat303
:date 12162016-15:55:56.000 12162016-15:55:57.000
0 0 0 31634 8021456 0 0 253072 47784 0 47784 0 0 0
:
:vdbench503_vdbench_data_for_swat303
:date 12162016-15:55:57.000 12162016-15:55:58.000
0 0 0 23359 7909644 0 0 186872 81989 0 81989 0 0 0
:
:vdbench503_vdbench_data_for_swat303
:date 12162016-15:55:58.000 12162016-15:55:59.000
0 0 0 2584 2838742 0 0 20672 663349 0 663349 0 0 0
:
:vdbench503_vdbench_data_for_swat303
:date 12162016-15:56:01.000 12162016-15:56:02.000
0 0 0 0 0 0 0 0 0 0 0 0 0 0
:
:vdbench503_vdbench_data_for_swat303
:date 12162016-15:56:01.000 12162016-15:56:02.000
0 0 0 0 0 0 0 0 0 0 0 0 0 0
:
:vdbench503_vdbench_data_for_swat303
:date 12162016-15:56:01.000 12162016-15:56:02.000
0 0 0 0 0 0 0 0 0 0 0 0 0 0
:
:vdbench503_vdbench_data_for_swat303
:date 12162016-15:56:04.000 12162016-15:56:05.000
0 0 0 9 34555450 0 0 72 4431174 0 4431174 0 0 0
:
:vdbench503_vdbench_data_for_swat303
:date 12162016-15:56:06.000 12162016-15:56:07.000
0 0 0 0 0 0 0 0 0 0 0 0 0 0
:
:vdbench503_vdbench_data_for_swat303
:date 12162016-15:56:06.000 12162016-15:56:07.000
0 0 0 0 0 0 0 0 0 0 0 0 0 0
:
:vdbench503_vdbench_data_for_swat303
:date 12162016-15:56:06.000 12162016-15:56:07.000
0 0 0 0 0 0 0 0 0 0 0 0 0 0
:
:vdbench503_vdbench_data_for_swat303
:date 12162016-15:56:06.000 12162016-15:56:07.000
0 0 0 0 0 0 0 0 0 0 0 0 0 0
:
:vdbench503_vdbench_data_for_swat303
:date 12162016-15:56:07.000 12162016-15:56:08.000
0 0 0 61392 20156581 0 0 491136 2096057 0 2096057 0 0 0
:
:vdbench503_vdbench_data_for_swat303
:date 12162016-15:56:08.000 12162016-15:56:09.000
0 0 0 7247 9007808 0 0 57976 202584 0 202584 0 0 0
:
:vdbench503_vdbench_data_for_swat303
:date 12162016-15:56:09.000 12162016-15:56:10.000
0 0 0 9029 7316414 0 0 72232 241139 0 241139 0 0 0
