16:27:11.005         1       2.00     0.25  131072 100.00  200.872  200.872    0.000  401.621  283.903   0.7   4.7   1.0
16:27:12.005         2     256.00    32.00  131072 100.00    5.015    5.015    0.000  613.828   38.930   1.0   3.0   0.8
16:27:13.046         3     446.00    55.75  131072 100.00    2.240    2.240    0.000   17.103    4.524   1.0   3.3   1.0
16:27:14.041         4     372.00    46.50  131072 100.00    2.652    2.652    0.000   44.101    5.349   1.0   2.5   0.8
16:27:15.048         5     192.00    24.00  131072 100.00    1.949    1.949    0.000   15.011    4.075   1.0   1.8   1.0
16:27:16.041         6       9.00     1.13  131072 100.00  127.125  127.125    0.000 1143.926  381.301   1.0   2.0   0.3
16:27:17.040         7       0.00     0.00       0   0.00    0.000    0.000    0.000    0.000    0.000   1.0   1.5   0.3
16:27:18.075         8       3.00     0.38  131072 100.00  544.539  544.539    0.000 1633.548  943.109   1.0   2.2   0.7
16:27:19.044         9      10.00     1.25  131072 100.00  175.043  175.043    0.000  962.297  362.176   1.0   4.4   1.3
16:27:20.041        10       2.00     0.25  131072 100.00  369.004  369.004    0.000  737.977  521.807   1.0   1.5   0.3
16:27:21.045        11       0.00     0.00       0   0.00    0.000    0.000    0.000    0.000    0.000   1.0   2.8   0.5
16:27:22.040        12       0.00     0.00       0   0.00    0.000    0.000    0.000    0.000    0.000   1.0   3.3   0.8
16:27:23.415        13       6.00     0.75  131072 100.00  419.411  419.411    0.000 2516.330 1027.276   1.0   2.7   0.2
16:27:24.004        14     102.00    12.75  131072 100.00   18.097   18.097    0.000 1293.348  132.965   1.0   2.4   0.8
16:27:25.041        15     432.00    54.00  131072 100.00    2.300    2.300    0.000   16.776    4.403   1.0   3.0   0.5
16:27:26.040        16     377.00    47.13  131072 100.00    2.650    2.650    0.000   17.944    4.851   1.0   2.8   1.3
16:27:27.040        17     507.00    63.38  131072 100.00    1.964    1.964    0.000   37.278    4.490   1.0   3.8   1.8
16:27:28.040        18     506.00    63.25  131072 100.00    1.964    1.964    0.000   16.524    4.296   1.0   2.8   1.3
16:27:29.042        19     551.00    68.88  131072 100.00    1.805    1.805    0.000   43.752    4.349   1.0   2.3   1.0
16:27:30.040        20     449.00    56.13  131072 100.00    2.247    2.247    0.000   17.320    4.574   1.0   3.0   1.3
16:27:31.050        21     456.00    57.00  131072 100.00    2.170    2.170    0.000   16.403    4.396   1.0   3.0   1.5
16:27:32.043        22     507.00    63.38  131072 100.00    1.962    1.962    0.000   44.668    4.605   1.0   2.3   0.8
16:27:33.041        23     499.00    62.38  131072 100.00    2.014    2.014    0.000   31.832    4.468   1.0   3.8   1.3
16:27:34.041        24     499.00    62.38  131072 100.00    1.977    1.977    0.000   46.007    4.512   1.0   2.5   0.8
16:27:35.040        25     490.00    61.25  131072 100.00    2.041    2.041    0.000   16.650    4.341   1.0   2.8   0.8
16:27:36.040        26     434.00    54.25  131072 100.00    2.310    2.310    0.000   42.231    4.848   1.0   8.4   1.5
16:27:37.044        27     464.00    58.00  131072 100.00    2.156    2.156    0.000   16.345    4.484   1.0   2.0   1.0
16:27:38.040        28     487.00    60.88  131072 100.00    2.027    2.027    0.000   51.504    4.702   1.0   3.0   1.0
16:27:39.040        29     515.00    64.38  131072 100.00    1.955    1.955    0.000   39.967    4.498   1.0   3.2   1.5
16:27:40.043        30     403.00    50.38  131072 100.00    2.459    2.459    0.000   48.819    5.050   1.0   2.3   1.3
16:27:40.056        31     309.45    38.68  131072 100.00    3.256    3.256    0.000 2516.330   40.442   1.0   2.9   0.9