16:27:42.011         1     325.00    40.63  131072 100.00    3.537    3.537    0.000   31.060    7.258   1.2  12.1   0.6
16:27:43.040         2     613.00    76.63  131072 100.00    3.228    3.228    0.000   30.584    7.505   2.0   9.3   2.8
16:27:44.040         3     567.00    70.88  131072 100.00    3.528    3.528    0.000   29.358    7.762   2.0   9.1   6.8
16:27:45.041         4     455.00    56.88  131072 100.00    4.437    4.437    0.000  134.630   11.512   2.0   7.8   5.6
16:27:46.040         5     564.00    70.50  131072 100.00    3.523    3.523    0.000   42.302    7.862   2.0   8.3   6.3
16:27:47.040         6     400.00    50.00  131072 100.00    5.000    5.000    0.000   62.550    9.715   2.0   7.1   5.0
16:27:48.041         7     628.00    78.50  131072 100.00    3.183    3.183    0.000   43.633    7.377   2.0   5.6   3.0
16:27:49.040         8     533.00    66.63  131072 100.00    3.776    3.776    0.000  104.480    9.847   2.0   9.8   1.8
16:27:50.040         9     487.00    60.88  131072 100.00    4.261    4.261    0.000   69.197    9.435   2.1   7.7   1.4
16:27:51.042        10     469.00    58.63  131072 100.00    4.099    4.099    0.000   63.929    8.600   1.9   4.7   1.3
16:27:52.040        11     499.00    62.38  131072 100.00    3.979    3.979    0.000   30.194    8.424   2.0   4.0   1.3
16:27:53.041        12     492.00    61.50  131072 100.00    4.097    4.097    0.000   71.667    8.849   2.0   2.8   1.3
16:27:54.040        13     537.00    67.13  131072 100.00    3.722    3.722    0.000   71.235    8.882   2.0   2.8   1.0
16:27:55.040        14     573.00    71.63  131072 100.00    3.471    3.471    0.000   30.220    7.632   2.0   4.1   1.3
16:27:56.044        15     594.00    74.25  131072 100.00    3.375    3.375    0.000   65.878    8.302   2.0   3.0   1.0
16:27:57.042        16     562.00    70.25  131072 100.00    3.543    3.543    0.000   62.274    8.201   2.0   4.0   1.0
16:27:58.044        17     491.00    61.38  131072 100.00    4.024    4.024    0.000   48.748    8.693   2.0   5.1   1.5
16:27:59.044        18     530.00    66.25  131072 100.00    3.810    3.810    0.000   29.425    8.228   2.0   2.6   1.0
16:28:00.045        19     572.00    71.50  131072 100.00    3.501    3.501    0.000   55.632    8.144   2.0   4.5   2.0
16:28:01.040        20     458.00    57.25  131072 100.00    4.366    4.366    0.000   29.184    8.478   2.0   3.3   1.0
16:28:02.040        21     484.00    60.50  131072 100.00    4.121    4.121    0.000   85.870    9.325   2.0   3.0   1.0
16:28:03.040        22     513.00    64.13  131072 100.00    3.896    3.896    0.000   29.610    8.128   2.0   2.8   0.5
16:28:04.040        23     624.00    78.00  131072 100.00    3.183    3.183    0.000   81.524    8.068   2.0   3.3   1.5
16:28:05.040        24     485.00    60.63  131072 100.00    4.164    4.164    0.000   50.118    8.876   2.0   2.8   1.0
16:28:06.040        25     554.00    69.25  131072 100.00    3.555    3.555    0.000   29.690    7.652   2.0   3.0   1.0
16:28:07.041        26     473.00    59.13  131072 100.00    4.281    4.281    0.000   49.382    8.636   2.0   3.3   1.0
16:28:08.042        27     482.00    60.25  131072 100.00    4.115    4.115    0.000   63.376    9.225   2.0   2.3   1.0
16:28:09.041        28     507.00    63.38  131072 100.00    3.973    3.973    0.000   54.699    8.869   2.0   2.8   1.5
16:28:10.040        29     483.00    60.38  131072 100.00    4.117    4.117    0.000   48.225    8.804   2.0   4.3   2.3
16:28:11.041        30     572.00    71.50  131072 100.00    3.495    3.495    0.000   29.901    7.776   2.0   3.1   1.0
16:28:11.046        31     524.17    65.52  131072 100.00    3.813    3.813    0.000  134.630    8.559   2.0   4.7   2.0