16:28:44.003         1     447.00    55.88  131072 100.00    6.023    6.023    0.000  117.849   15.741   2.8   4.8   0.9
16:28:45.040         2     750.00    93.75  131072 100.00    5.318    5.318    0.000  134.985   15.257   4.0   3.5   1.8
16:28:46.040         3     789.00    98.63  131072 100.00    5.044    5.044    0.000  123.425   14.075   4.0   5.6   1.0
16:28:47.040         4     692.00    86.50  131072 100.00    5.859    5.859    0.000  127.929   16.945   4.0   9.1   0.5
16:28:48.040         5     777.00    97.13  131072 100.00    4.974    4.974    0.000  163.998   15.254   4.0  11.3   1.5
16:28:49.040         6     759.00    94.88  131072 100.00    5.340    5.340    0.000  127.461   14.940   4.0   6.5   0.8
16:28:50.040         7     927.00   115.88  131072 100.00    4.270    4.270    0.000  124.776   13.578   4.0   3.5   1.0
16:28:51.040         8     695.00    86.88  131072 100.00    5.917    5.917    0.000  133.223   17.741   4.0   5.2   2.2
16:28:52.043         9     945.00   118.13  131072 100.00    4.225    4.225    0.000  129.096   13.675   4.0   2.0   1.0
16:28:53.040        10     815.00   101.88  131072 100.00    4.795    4.795    0.000  123.479   14.760   4.0   4.3   1.3
16:28:54.040        11     797.00    99.63  131072 100.00    5.139    5.139    0.000  150.744   16.187   4.0   3.8   1.0
16:28:55.040        12     849.00   106.13  131072 100.00    4.552    4.552    0.000  127.048   14.763   4.0  10.6   1.5
16:28:56.040        13     958.00   119.75  131072 100.00    4.332    4.332    0.000  156.671   15.132   4.0   4.5   1.3
16:28:57.041        14    1052.00   131.50  131072 100.00    3.785    3.785    0.000  201.904   13.792   4.0   5.8   1.8
16:28:58.040        15    1075.00   134.38  131072 100.00    3.714    3.714    0.000  162.561   14.199   4.0   4.0   2.0
16:28:59.040        16    1220.00   152.50  131072 100.00    3.230    3.230    0.000  132.193   12.282   4.0   7.6   1.5
16:29:00.040        17     547.00    68.38  131072 100.00    7.375    7.375    0.000  531.268   45.998   4.0   2.3   1.0
16:29:01.042        18    1281.00   160.13  131072 100.00    3.118    3.118    0.000  161.299   12.452   4.0   2.8   1.3
16:29:02.040        19    1191.00   148.88  131072 100.00    3.343    3.343    0.000  129.935   12.772   4.0   3.5   1.8
16:29:03.040        20    1419.00   177.38  131072 100.00    2.837    2.837    0.000  193.382   12.153   4.0   4.3   1.5
16:29:04.040        21    1300.00   162.50  131072 100.00    3.094    3.094    0.000  139.478   12.649   4.0   3.3   1.3
16:29:05.040        22    1563.00   195.38  131072 100.00    2.549    2.549    0.000  108.082   10.527   4.0   7.3   2.8
16:29:06.040        23    1541.00   192.63  131072 100.00    2.624    2.624    0.000  115.307   10.909   4.0   3.3   1.5
16:29:07.044        24    1752.00   219.00  131072 100.00    2.203    2.203    0.000  152.277   10.051   4.0   4.0   2.3
16:29:08.041        25    1825.00   228.13  131072 100.00    2.269    2.269    0.000  169.895   10.279   4.0   3.0   2.0
16:29:09.040        26    1666.00   208.25  131072 100.00    2.368    2.368    0.000  325.075   15.499   4.0   4.8   3.0
16:29:10.040        27    1824.00   228.00  131072 100.00    2.227    2.227    0.000  111.734   11.082   4.0   4.3   2.0
16:29:11.040        28    2420.00   302.50  131072 100.00    1.619    1.619    0.000  151.322    8.693   4.0   5.3   2.5
16:29:12.041        29    2700.00   337.50  131072 100.00    1.496    1.496    0.000  104.266    7.893   4.0   4.8   3.0
16:29:13.041        30    3006.00   375.75  131072 100.00    1.328    1.328    0.000  138.363    8.173   4.0   4.1   2.8
16:29:13.043        31    1280.52   160.06  131072 100.00    3.123    3.123    0.000  531.268   13.507   4.0   5.0   1.7