19:22:24.004         1     159.00    19.88  131072 100.00    4.583    4.583    0.000   28.625    5.950   0.7   4.2   0.4
19:22:25.041         2     202.00    25.25  131072 100.00    4.962    4.962    0.000   16.907    5.496   1.0   2.5   0.3
19:22:26.041         3     229.00    28.63  131072 100.00    4.372    4.372    0.000   16.323    5.580   1.0   3.3   0.3
19:22:27.041         4     182.00    22.75  131072 100.00    5.504    5.504    0.000  194.785   15.139   1.0   2.8   0.8
19:22:28.041         5     188.00    23.50  131072 100.00    5.297    5.297    0.000   38.185    6.411   1.0   2.8   0.3
19:22:29.041         6     226.00    28.25  131072 100.00    4.436    4.436    0.000   16.989    5.593   1.0   2.5   0.8
19:22:30.041         7     223.00    27.88  131072 100.00    4.433    4.433    0.000   16.842    5.334   1.0   3.8   0.3
19:22:31.041         8     233.00    29.13  131072 100.00    4.310    4.310    0.000   51.028    6.010   1.0   3.5   1.3
19:22:32.042         9     227.00    28.38  131072 100.00    4.378    4.378    0.000   16.870    5.330   1.0   3.3   0.3
19:22:33.041        10     213.00    26.63  131072 100.00    4.697    4.697    0.000   17.221    5.125   1.0   2.8   0.5
19:22:34.041        11     200.00    25.00  131072 100.00    5.024    5.024    0.000   33.639    6.526   1.0   3.0   1.0
19:22:35.042        12     247.00    30.88  131072 100.00    4.021    4.021    0.000   22.380    5.368   1.0   2.0   0.0
19:22:36.042        13     261.00    32.63  131072 100.00    3.817    3.817    0.000   14.890    5.131   1.0   3.0   0.5
19:22:37.042        14     232.00    29.00  131072 100.00    4.307    4.307    0.000   16.659    5.306   1.0   2.8   0.8
19:22:38.041        15     231.00    28.88  131072 100.00    4.347    4.347    0.000   15.783    5.442   1.0   3.5   0.8
19:22:39.041        16     206.00    25.75  131072 100.00    4.842    4.842    0.000   60.555    6.437   1.0   3.3   1.3
19:22:40.042        17     187.00    23.38  131072 100.00    5.352    5.352    0.000   42.933    6.612   1.0   3.0   0.5
19:22:41.041        18     234.00    29.25  131072 100.00    4.280    4.280    0.000   17.225    5.457   1.0   3.2   1.0
19:22:42.041        19     178.00    22.25  131072 100.00    5.588    5.588    0.000   26.113    5.965   1.0   3.0   0.0
19:22:43.042        20     223.00    27.88  131072 100.00    4.488    4.488    0.000   16.870    5.257   1.0   3.7   0.7
19:22:44.042        21     204.00    25.50  131072 100.00    4.880    4.880    0.000   16.685    5.311   1.0   3.0   0.8
19:22:45.042        22     230.00    28.75  131072 100.00    4.361    4.361    0.000   16.319    5.328   1.0   2.8   0.5
19:22:46.042        23     180.00    22.50  131072 100.00    5.527    5.527    0.000   80.451    8.319   1.0   3.5   1.5
19:22:47.041        24     209.00    26.13  131072 100.00    4.811    4.811    0.000   70.277    7.036   1.0   3.0   0.5
19:22:48.041        25     199.00    24.88  131072 100.00    4.994    4.994    0.000   16.316    5.335   1.0   2.8   0.5
19:22:49.041        26     213.00    26.63  131072 100.00    4.717    4.717    0.000   16.936    5.370   1.0   3.3   0.5
19:22:50.042        27     258.00    32.25  131072 100.00    3.874    3.874    0.000   28.590    5.331   1.0   3.0   0.5
19:22:51.042        28     247.00    30.88  131072 100.00    4.018    4.018    0.000   18.122    5.088   1.0   3.3   0.5
19:22:52.041        29     220.00    27.50  131072 100.00    4.553    4.553    0.000   35.671    6.093   1.0   2.8   0.5
19:22:53.042        30     249.00    31.13  131072 100.00    4.014    4.014    0.000   17.429    5.330   1.0   2.8   0.5
19:22:53.046        31     218.31    27.29  131072 100.00    4.576    4.576    0.000  194.785    6.219   1.0   3.0   0.6