19:22:55.004         1     149.00    18.63  131072 100.00    9.200    9.200    0.000   60.494   11.512   1.4   3.9   0.6
19:22:56.042         2     247.00    30.88  131072 100.00    8.088    8.088    0.000   61.338   11.480   2.0   3.5   0.8
19:22:57.042         3     184.00    23.00  131072 100.00   10.869   10.869    0.000  214.740   23.351   2.0   2.5   0.5
19:22:58.042         4     274.00    34.25  131072 100.00    7.222    7.222    0.000   80.857   11.767   2.0   3.2   1.0
19:22:59.042         5     282.00    35.25  131072 100.00    7.131    7.131    0.000   74.673   11.632   2.0   2.3   0.5
19:23:00.041         6     260.00    32.50  131072 100.00    7.705    7.705    0.000   63.201   11.221   2.0   2.8   0.5
19:23:01.041         7     238.00    29.75  131072 100.00    8.377    8.377    0.000   50.695   11.426   2.0   3.8   0.5
19:23:02.041         8     289.00    36.13  131072 100.00    6.966    6.966    0.000   49.206   10.251   2.0   3.0   1.0
19:23:03.041         9     185.00    23.13  131072 100.00   10.672   10.672    0.000  132.395   17.106   2.0   3.5   0.5
19:23:04.041        10     243.00    30.38  131072 100.00    8.311    8.311    0.000   74.884   12.600   2.0   2.3   0.0
19:23:05.041        11     277.00    34.63  131072 100.00    7.213    7.213    0.000   50.881   10.026   2.0   2.8   0.8
19:23:06.041        12     252.00    31.50  131072 100.00    7.875    7.875    0.000   92.553   12.175   2.0   3.3   0.5
19:23:07.042        13     306.00    38.25  131072 100.00    6.845    6.845    0.000   62.663   10.801   2.1   2.7   0.2
19:23:08.042        14     231.00    28.88  131072 100.00    8.221    8.221    0.000   49.610   11.310   1.9   3.6   1.0
19:23:09.042        15     190.00    23.75  131072 100.00   10.605   10.605    0.000  147.491   17.594   2.0   3.0   0.8
19:23:10.041        16     295.00    36.88  131072 100.00    6.791    6.791    0.000   39.658    9.364   2.0   3.0   0.5
19:23:11.042        17     263.00    32.88  131072 100.00    7.632    7.632    0.000   83.422   11.698   2.0   2.3   0.3
19:23:12.041        18     245.00    30.63  131072 100.00    8.107    8.107    0.000   72.768   11.343   2.0   3.0   0.5
19:23:13.041        19     297.00    37.13  131072 100.00    6.782    6.782    0.000   49.837   10.437   2.0   2.5   0.5
19:23:14.041        20     253.00    31.63  131072 100.00    7.922    7.922    0.000   69.362   12.551   2.0   6.3   0.8
19:23:15.041        21     202.00    25.25  131072 100.00    9.641    9.641    0.000   69.489   14.378   2.0  12.7   1.0
19:23:16.041        22     155.00    19.38  131072 100.00   13.031   13.031    0.000   97.029   16.594   2.0   7.8   0.3
19:23:17.041        23     199.00    24.88  131072 100.00   10.201   10.201    0.000   62.511   13.343   2.0   4.0   0.8
19:23:18.041        24     239.00    29.88  131072 100.00    8.303    8.303    0.000   46.055   11.189   2.0   2.3   0.3
19:23:19.042        25     253.00    31.63  131072 100.00    7.913    7.913    0.000   72.297   11.741   2.0   2.8   0.5
19:23:20.042        26     192.00    24.00  131072 100.00   10.485   10.485    0.000  177.175   20.741   2.0   3.0   0.5
19:23:21.042        27     255.00    31.88  131072 100.00    7.758    7.758    0.000   62.927   11.682   2.0   2.5   0.8
19:23:22.041        28     243.00    30.38  131072 100.00    8.237    8.237    0.000   85.623   12.184   2.0   2.8   0.8
19:23:23.041        29     284.00    35.50  131072 100.00    7.075    7.075    0.000   61.916   10.838   2.0   3.3   1.0
19:23:24.044        30     262.00    32.75  131072 100.00    7.608    7.608    0.000  106.291   11.733   2.0   2.8   0.5
19:23:24.047        31     244.66    30.58  131072 100.00    8.171    8.171    0.000  214.740   12.822   2.0   3.6   0.6