19:23:26.004         1     156.00    19.50  131072 100.00   10.774   10.774    0.000   66.956   15.508   1.8   4.0   0.4
19:23:27.041         2     258.00    32.25  131072 100.00   10.691   10.691    0.000   97.452   18.199   3.0   2.5   0.5
19:23:28.041         3     304.00    38.00  131072 100.00   10.807   10.807    0.000  312.505   24.872   3.0   2.8   0.8
19:23:29.041         4     278.00    34.75  131072 100.00   10.806   10.806    0.000  130.422   18.660   3.0   3.3   0.5
19:23:30.042         5     260.00    32.50  131072 100.00   11.542   11.542    0.000  111.467   18.571   3.0   3.0   0.8
19:23:31.042         6     355.00    44.38  131072 100.00    8.445    8.445    0.000  107.235   15.350   3.0   2.5   0.3
19:23:32.041         7     233.00    29.13  131072 100.00   12.653   12.653    0.000  154.206   21.058   3.0   2.3   0.3
19:23:33.041         8     327.00    40.88  131072 100.00    9.349    9.349    0.000  122.160   16.676   3.0   3.0   0.5
19:23:34.041         9     297.00    37.13  131072 100.00   10.037   10.037    0.000  196.124   22.677   3.0   3.8   1.3
19:23:35.041        10     306.00    38.25  131072 100.00    9.606    9.606    0.000   97.890   14.628   3.0   3.3   0.5
19:23:36.041        11     277.00    34.63  131072 100.00   10.936   10.936    0.000  129.592   18.086   3.0   2.5   0.5
19:23:37.041        12     302.00    37.75  131072 100.00    9.939    9.939    0.000  104.308   16.748   3.0   3.5   0.3
19:23:38.041        13     268.00    33.50  131072 100.00   11.130   11.130    0.000  103.126   18.598   3.0   2.8   0.8
19:23:39.041        14     333.00    41.63  131072 100.00    9.110    9.110    0.000  134.248   16.134   3.0   2.5   0.5
19:23:40.041        15     335.00    41.88  131072 100.00    8.916    8.916    0.000   92.355   15.634   3.0   3.0   1.0
19:23:41.041        16     315.00    39.38  131072 100.00    9.607    9.607    0.000  105.843   16.947   3.0   3.5   0.5
19:23:42.041        17     316.00    39.50  131072 100.00    9.475    9.475    0.000  103.797   16.626   3.0   3.0   0.5
19:23:43.041        18     282.00    35.25  131072 100.00   10.426   10.426    0.000   76.783   14.407   3.0   4.8   0.8
19:23:44.041        19     298.00    37.25  131072 100.00   10.219   10.219    0.000  112.941   18.112   3.0   3.3   1.3
19:23:45.041        20     277.00    34.63  131072 100.00   10.834   10.834    0.000   99.800   17.799   3.0   4.3   0.8
19:23:46.041        21     296.00    37.00  131072 100.00   10.046   10.046    0.000  112.718   16.230   3.0   2.8   0.5
19:23:47.041        22     312.00    39.00  131072 100.00    9.686    9.686    0.000  115.263   17.421   3.0   4.3   1.0
19:23:48.041        23     302.00    37.75  131072 100.00    9.917    9.917    0.000  100.232   17.525   3.0   3.7   1.5
19:23:49.041        24     300.00    37.50  131072 100.00   10.010   10.010    0.000  107.607   17.015   3.0   3.5   0.3
19:23:50.041        25     258.00    32.25  131072 100.00   11.569   11.569    0.000   90.819   17.955   3.0   2.3   0.3
19:23:51.041        26     371.00    46.38  131072 100.00    8.196    8.196    0.000   73.186   13.900   3.0   2.8   0.5
19:23:52.042        27     308.00    38.50  131072 100.00    9.940    9.940    0.000  134.534   17.903   3.1   2.9   0.5
19:23:53.041        28     348.00    43.50  131072 100.00    8.352    8.352    0.000  107.835   15.697   2.9   4.2   0.5
19:23:54.041        29     355.00    44.38  131072 100.00    8.471    8.471    0.000   79.155   15.436   3.0   3.3   1.3
19:23:55.043        30     308.00    38.50  131072 100.00    9.765    9.765    0.000  106.399   16.566   3.0   4.5   1.2
19:23:55.046        31     302.72    37.84  131072 100.00    9.912    9.912    0.000  312.505   17.458   3.0   3.2   0.7