19:23:57.003         1     171.00    21.38  131072 100.00   13.327   13.327    0.000  123.005   21.425   2.4   3.5   0.5
19:23:58.041         2     329.00    41.13  131072 100.00   12.064   12.064    0.000  139.539   22.190   4.0   2.3   0.3
19:23:59.041         3     373.00    46.63  131072 100.00   10.851   10.851    0.000  125.645   20.393   4.0   4.0   1.0
19:24:00.041         4     310.00    38.75  131072 100.00   12.755   12.755    0.000  152.468   22.619   4.0   3.5   1.0
19:24:01.041         5     315.00    39.38  131072 100.00   12.752   12.752    0.000  165.781   24.896   4.0   5.1   0.5
19:24:02.041         6     353.00    44.13  131072 100.00   11.361   11.361    0.000  159.037   21.836   4.0   2.3   0.5
19:24:03.042         7     339.00    42.38  131072 100.00   11.879   11.879    0.000  188.721   21.276   4.0   4.0   1.0
19:24:04.041         8     332.00    41.50  131072 100.00   12.007   12.007    0.000  130.937   21.229   4.0   7.8   1.0
19:24:05.041         9     367.00    45.88  131072 100.00   10.901   10.901    0.000  125.096   19.023   4.0   3.8   0.8
19:24:06.041        10     285.00    35.63  131072 100.00   13.550   13.550    0.000  193.384   28.882   4.0   2.8   0.5
19:24:07.041        11     384.00    48.00  131072 100.00   10.770   10.770    0.000  137.118   20.087   4.0   4.3   1.0
19:24:08.041        12     340.00    42.50  131072 100.00   11.507   11.507    0.000  151.755   23.944   4.0   3.5   1.0
19:24:09.041        13     379.00    47.38  131072 100.00   10.860   10.860    0.000  159.247   21.999   4.0   2.5   0.3
19:24:10.041        14     399.00    49.88  131072 100.00   10.003   10.003    0.000  205.301   20.824   4.0   2.8   0.3
19:24:11.041        15     427.00    53.38  131072 100.00    9.339    9.339    0.000  147.572   18.254   4.0   4.0   0.8
19:24:12.041        16     327.00    40.88  131072 100.00   12.189   12.189    0.000  161.703   24.371   4.0   3.0   1.0
19:24:13.041        17     399.00    49.88  131072 100.00    9.957    9.957    0.000  161.246   21.483   4.0   4.5   1.0
19:24:14.041        18     417.00    52.13  131072 100.00    9.634    9.634    0.000  100.729   18.376   4.0   4.0   1.8
19:24:15.041        19     432.00    54.00  131072 100.00    9.212    9.212    0.000  108.890   17.436   4.0   3.3   0.8
19:24:16.041        20     401.00    50.13  131072 100.00   10.013   10.013    0.000  156.709   22.179   4.0   2.5   0.5
19:24:17.041        21     326.00    40.75  131072 100.00   12.351   12.351    0.000  260.216   33.382   4.0   3.8   0.5
19:24:18.041        22     409.00    51.13  131072 100.00    9.705    9.705    0.000  158.465   21.290   4.0   2.5   0.3
19:24:19.041        23     447.00    55.88  131072 100.00    8.939    8.939    0.000  180.365   19.841   4.0   4.5   1.3
19:24:20.041        24     481.00    60.13  131072 100.00    8.247    8.247    0.000   95.828   16.926   4.0   3.0   0.8
19:24:21.041        25     449.00    56.13  131072 100.00    9.045    9.045    0.000  112.117   17.311   4.0   2.3   0.3
19:24:22.041        26     280.00    35.00  131072 100.00   14.295   14.295    0.000  220.085   32.186   4.0   2.8   0.8
19:24:23.041        27     495.00    61.88  131072 100.00    7.941    7.941    0.000   93.774   16.076   4.0   3.0   1.0
19:24:24.041        28     437.00    54.63  131072 100.00    9.073    9.073    0.000  135.499   18.438   4.0   3.0   0.8
19:24:25.041        29     514.00    64.25  131072 100.00    7.962    7.962    0.000  180.830   19.153   4.0   4.0   1.3
19:24:26.043        30     428.00    53.50  131072 100.00    9.304    9.304    0.000  113.859   19.069   4.0   3.0   0.8
19:24:26.047        31     385.31    48.16  131072 100.00   10.379   10.379    0.000  260.216   21.433   4.0   3.5   0.8