:date 12162016-15:58:56.000
:fixed_data
0 0 0 0 sd_s1
:
:vdbench503_vdbench_data_for_swat303
:date 12162016-15:58:57.000 12162016-15:59:42.000
0 0 0 18816 89394787 0 0 4816896 5595702 0 5595702 0 0 0
:
:vdbench503_vdbench_data_for_swat303
:date 12162016-15:59:44.000 12162016-16:00:13.000
0 0 34226287 0 114616280 0 273810296 0 52038 52038 0 0 0 0
:
:vdbench503_vdbench_data_for_swat303
:date 12162016-16:00:15.000 12162016-16:00:44.000
0 0 526683 259580 134856223 0 4213464 2076640 1895105 882083 1895105 0 0 0
:
:vdbench503_vdbench_data_for_swat303
:date 12162016-16:00:53.000 12162016-16:01:22.000
0 0 321996 321271 203192437 0 2575968 2570168 5486225 562524 5486225 0 0 0
:
:vdbench503_vdbench_data_for_swat303
:date 12162016-16:01:30.000 12162016-16:01:59.000
0 0 137558 278844 220620320 0 1100464 2230752 3099605 1070044 3099605 0 0 0
:
:vdbench503_vdbench_data_for_swat303
:date 12162016-16:02:01.000 12162016-16:02:30.000
0 0 0 265138 184808021 0 0 2121104 3194130 0 3194130 0 0 0
