:date 12162016-15:58:56.000
:fixed_data
0 0 0 0 sd_s1
:
:vdbench503_vdbench_data_for_swat303
:date 12162016-15:58:56.000 12162016-15:58:57.000
0 0 0 5760 1048254 0 0 1474560 31486 0 31486 0 0 0
:
:vdbench503_vdbench_data_for_swat303
:date 12162016-15:58:57.000 12162016-15:58:58.000
0 0 0 571 1947622 0 0 146176 31523 0 31523 0 0 0
:
:vdbench503_vdbench_data_for_swat303
:date 12162016-15:58:58.000 12162016-15:58:59.000
0 0 0 526 2010672 0 0 134656 31248 0 31248 0 0 0
:
:vdbench503_vdbench_data_for_swat303
:date 12162016-15:58:59.000 12162016-15:59:00.000
0 0 0 558 2010070 0 0 142848 15699 0 15699 0 0 0
:
:vdbench503_vdbench_data_for_swat303
:date 12162016-15:59:00.000 12162016-15:59:01.000
0 0 0 518 1987084 0 0 132608 31443 0 31443 0 0 0
:
:vdbench503_vdbench_data_for_swat303
:date 12162016-15:59:01.000 12162016-15:59:02.000
0 0 0 1 133103 0 0 256 133103 0 133103 0 0 0
:
:vdbench503_vdbench_data_for_swat303
:date 12162016-15:59:02.000 12162016-15:59:03.000
0 0 0 0 0 0 0 0 0 0 0 0 0 0
:
:vdbench503_vdbench_data_for_swat303
:date 12162016-15:59:03.000 12162016-15:59:04.000
0 0 0 0 0 0 0 0 0 0 0 0 0 0
:
:vdbench503_vdbench_data_for_swat303
:date 12162016-15:59:04.000 12162016-15:59:05.000
0 0 0 0 0 0 0 0 0 0 0 0 0 0
:
:vdbench503_vdbench_data_for_swat303
:date 12162016-15:59:05.000 12162016-15:59:06.000
0 0 0 1745 9854533 0 0 446720 4640491 0 4640491 0 0 0
:
:vdbench503_vdbench_data_for_swat303
:date 12162016-15:59:06.000 12162016-15:59:07.000
0 0 0 562 2001493 0 0 143872 48045 0 48045 0 0 0
:
:vdbench503_vdbench_data_for_swat303
:date 12162016-15:59:07.000 12162016-15:59:08.000
0 0 0 289 1261715 0 0 73984 256284 0 256284 0 0 0
:
:vdbench503_vdbench_data_for_swat303
:date 12162016-15:59:12.000 12162016-15:59:13.000
0 0 0 0 0 0 0 0 0 0 0 0 0 0
:
:vdbench503_vdbench_data_for_swat303
:date 12162016-15:59:12.000 12162016-15:59:13.000
0 0 0 0 0 0 0 0 0 0 0 0 0 0
:
:vdbench503_vdbench_data_for_swat303
:date 12162016-15:59:12.000 12162016-15:59:13.000
0 0 0 0 0 0 0 0 0 0 0 0 0 0
:
:vdbench503_vdbench_data_for_swat303
:date 12162016-15:59:12.000 12162016-15:59:13.000
0 0 0 0 0 0 0 0 0 0 0 0 0 0
:
:vdbench503_vdbench_data_for_swat303
:date 12162016-15:59:12.000 12162016-15:59:13.000
0 0 0 0 0 0 0 0 0 0 0 0 0 0
:
:vdbench503_vdbench_data_for_swat303
:date 12162016-15:59:13.000 12162016-15:59:14.000
0 0 0 2542 12703074 0 0 650752 5595702 0 5595702 0 0 0
:
:vdbench503_vdbench_data_for_swat303
:date 12162016-15:59:14.000 12162016-15:59:15.000
0 0 0 587 1964956 0 0 150272 15732 0 15732 0 0 0
:
:vdbench503_vdbench_data_for_swat303
:date 12162016-15:59:15.000 12162016-15:59:16.000
0 0 0 0 0 0 0 0 0 0 0 0 0 0
:
:vdbench503_vdbench_data_for_swat303
:date 12162016-15:59:16.000 12162016-15:59:17.000
0 0 0 0 0 0 0 0 0 0 0 0 0 0
:
:vdbench503_vdbench_data_for_swat303
:date 12162016-15:59:17.000 12162016-15:59:18.000
0 0 0 0 0 0 0 0 0 0 0 0 0 0
:
:vdbench503_vdbench_data_for_swat303
:date 12162016-15:59:18.000 12162016-15:59:19.000
0 0 0 0 0 0 0 0 0 0 0 0 0 0
:
:vdbench503_vdbench_data_for_swat303
:date 12162016-15:59:19.000 12162016-15:59:20.000
0 0 0 160 9756683 0 0 40960 4858324 0 4858324 0 0 0
:
:vdbench503_vdbench_data_for_swat303
:date 12162016-15:59:20.000 12162016-15:59:21.000
0 0 0 1189 1174706 0 0 304384 496086 0 496086 0 0 0
:
:vdbench503_vdbench_data_for_swat303
:date 12162016-15:59:22.000 12162016-15:59:23.000
0 0 0 0 0 0 0 0 0 0 0 0 0 0
:
:vdbench503_vdbench_data_for_swat303
:date 12162016-15:59:22.000 12162016-15:59:23.000
0 0 0 0 0 0 0 0 0 0 0 0 0 0
:
:vdbench503_vdbench_data_for_swat303
:date 12162016-15:59:23.000 12162016-15:59:24.000
0 0 0 2037 7108342 0 0 521472 3307616 0 3307616 0 0 0
:
:vdbench503_vdbench_data_for_swat303
:date 12162016-15:59:24.000 12162016-15:59:25.000
0 0 0 767 1973828 0 0 196352 76018 0 76018 0 0 0
:
:vdbench503_vdbench_data_for_swat303
:date 12162016-15:59:25.000 12162016-15:59:26.000
0 0 0 530 1742708 0 0 135680 46743 0 46743 0 0 0
:
:vdbench503_vdbench_data_for_swat303
:date 12162016-15:59:26.000 12162016-15:59:27.000
0 0 0 2 1405682 0 0 512 702986 0 702986 0 0 0
:
:vdbench503_vdbench_data_for_swat303
:date 12162016-15:59:27.000 12162016-15:59:28.000
0 0 0 0 0 0 0 0 0 0 0 0 0 0
:
:vdbench503_vdbench_data_for_swat303
:date 12162016-15:59:28.000 12162016-15:59:29.000
0 0 0 0 0 0 0 0 0 0 0 0 0 0
:
:vdbench503_vdbench_data_for_swat303
:date 12162016-15:59:29.000 12162016-15:59:30.000
0 0 0 0 0 0 0 0 0 0 0 0 0 0
:
:vdbench503_vdbench_data_for_swat303
:date 12162016-15:59:32.000 12162016-15:59:33.000
0 0 0 1834 8863870 0 0 469504 3774377 0 3774377 0 0 0
:
:vdbench503_vdbench_data_for_swat303
:date 12162016-15:59:35.000 12162016-15:59:36.000
0 0 0 370 1247134 0 0 94720 31502 0 31502 0 0 0
:
:vdbench503_vdbench_data_for_swat303
:date 12162016-15:59:35.000 12162016-15:59:36.000
0 0 0 0 0 0 0 0 0 0 0 0 0 0
:
:vdbench503_vdbench_data_for_swat303
:date 12162016-15:59:35.000 12162016-15:59:36.000
0 0 0 0 0 0 0 0 0 0 0 0 0 0
:
:vdbench503_vdbench_data_for_swat303
:date 12162016-15:59:35.000 12162016-15:59:36.000
0 0 0 0 0 0 0 0 0 0 0 0 0 0
:
:vdbench503_vdbench_data_for_swat303
:date 12162016-15:59:35.000 12162016-15:59:36.000
0 0 0 0 0 0 0 0 0 0 0 0 0 0
:
:vdbench503_vdbench_data_for_swat303
:date 12162016-15:59:36.000 12162016-15:59:37.000
0 0 0 1959 10765277 0 0 501504 5022614 0 5022614 0 0 0
:
:vdbench503_vdbench_data_for_swat303
:date 12162016-15:59:37.000 12162016-15:59:38.000
0 0 0 217 735342 0 0 55552 63419 0 63419 0 0 0
:
:vdbench503_vdbench_data_for_swat303
:date 12162016-15:59:39.000 12162016-15:59:40.000
0 0 0 0 0 0 0 0 0 0 0 0 0 0
:
:vdbench503_vdbench_data_for_swat303
:date 12162016-15:59:39.000 12162016-15:59:40.000
0 0 0 0 0 0 0 0 0 0 0 0 0 0
:
:vdbench503_vdbench_data_for_swat303
:date 12162016-15:59:40.000 12162016-15:59:41.000
0 0 0 1391 7244978 0 0 356096 2874175 0 2874175 0 0 0
:
:vdbench503_vdbench_data_for_swat303
:date 12162016-15:59:41.000 12162016-15:59:42.000
0 0 0 461 1501915 0 0 118016 31552 0 31552 0 0 0
:
:vdbench503_vdbench_data_for_swat303
:date 12162016-15:59:44.000 12162016-15:59:44.000
0 0 0 0 0 0 0 0 0 0 0 0 0 0
:
:vdbench503_vdbench_data_for_swat303
:date 12162016-15:59:44.000 12162016-15:59:45.000
0 0 113851 0 369918 0 910808 0 5736 5736 0 0 0 0
:
:vdbench503_vdbench_data_for_swat303
:date 12162016-15:59:45.000 12162016-15:59:46.000
0 0 1140088 0 3675489 0 9120704 0 16355 16355 0 0 0 0
:
:vdbench503_vdbench_data_for_swat303
:date 12162016-15:59:46.000 12162016-15:59:47.000
0 0 1157867 0 3692057 0 9262936 0 24735 24735 0 0 0 0
:
:vdbench503_vdbench_data_for_swat303
:date 12162016-15:59:47.000 12162016-15:59:48.000
0 0 1182000 0 3741510 0 9456000 0 52038 52038 0 0 0 0
:
:vdbench503_vdbench_data_for_swat303
:date 12162016-15:59:48.000 12162016-15:59:49.000
0 0 1280688 0 4108552 0 10245504 0 12526 12526 0 0 0 0
:
:vdbench503_vdbench_data_for_swat303
:date 12162016-15:59:49.000 12162016-15:59:50.000
0 0 1280911 0 4056616 0 10247288 0 26156 26156 0 0 0 0
:
:vdbench503_vdbench_data_for_swat303
:date 12162016-15:59:50.000 12162016-15:59:51.000
0 0 1277896 0 3940304 0 10223168 0 11986 11986 0 0 0 0
:
:vdbench503_vdbench_data_for_swat303
:date 12162016-15:59:51.000 12162016-15:59:52.000
0 0 1255389 0 4083179 0 10043112 0 21505 21505 0 0 0 0
:
:vdbench503_vdbench_data_for_swat303
:date 12162016-15:59:52.000 12162016-15:59:53.000
0 0 1260156 0 4119351 0 10081248 0 13700 13700 0 0 0 0
:
:vdbench503_vdbench_data_for_swat303
:date 12162016-15:59:53.000 12162016-15:59:54.000
0 0 1259779 0 4043832 0 10078232 0 21771 21771 0 0 0 0
:
:vdbench503_vdbench_data_for_swat303
:date 12162016-15:59:54.000 12162016-15:59:55.000
0 0 1277289 0 4105071 0 10218312 0 15941 15941 0 0 0 0
:
:vdbench503_vdbench_data_for_swat303
:date 12162016-15:59:58.000 12162016-15:59:59.000
0 0 1343005 0 4229364 0 10744040 0 8849 8849 0 0 0 0
:
:vdbench503_vdbench_data_for_swat303
:date 12162016-15:59:58.000 12162016-15:59:59.000
0 0 1214146 0 4197670 0 9713168 0 8337 8337 0 0 0 0
:
:vdbench503_vdbench_data_for_swat303
:date 12162016-15:59:58.000 12162016-15:59:59.000
0 0 1253661 0 4219802 0 10029288 0 16685 16685 0 0 0 0
:
:vdbench503_vdbench_data_for_swat303
:date 12162016-15:59:58.000 12162016-15:59:59.000
0 0 1284601 0 4137003 0 10276808 0 9042 9042 0 0 0 0
:
:vdbench503_vdbench_data_for_swat303
:date 12162016-15:59:59.000 12162016-16:00:00.000
0 0 1233814 0 4105653 0 9870512 0 17042 17042 0 0 0 0
:
:vdbench503_vdbench_data_for_swat303
:date 12162016-16:00:00.000 12162016-16:00:01.000
0 0 1250781 0 4260454 0 10006248 0 11841 11841 0 0 0 0
:
:vdbench503_vdbench_data_for_swat303
:date 12162016-16:00:01.000 12162016-16:00:02.000
0 0 1207711 0 4025986 0 9661688 0 9533 9533 0 0 0 0
:
:vdbench503_vdbench_data_for_swat303
:date 12162016-16:00:02.000 12162016-16:00:03.000
0 0 1263817 0 4353036 0 10110536 0 23353 23353 0 0 0 0
:
:vdbench503_vdbench_data_for_swat303
:date 12162016-16:00:03.000 12162016-16:00:04.000
0 0 1161354 0 4059301 0 9290832 0 11170 11170 0 0 0 0
:
:vdbench503_vdbench_data_for_swat303
:date 12162016-16:00:04.000 12162016-16:00:05.000
0 0 1283404 0 4120981 0 10267232 0 6639 6639 0 0 0 0
:
:vdbench503_vdbench_data_for_swat303
:date 12162016-16:00:05.000 12162016-16:00:06.000
0 0 1114873 0 4225879 0 8918984 0 8406 8406 0 0 0 0
:
:vdbench503_vdbench_data_for_swat303
:date 12162016-16:00:06.000 12162016-16:00:07.000
0 0 1244682 0 4203462 0 9957456 0 9201 9201 0 0 0 0
:
:vdbench503_vdbench_data_for_swat303
:date 12162016-16:00:07.000 12162016-16:00:08.000
0 0 1121463 0 4098774 0 8971704 0 30535 30535 0 0 0 0
:
:vdbench503_vdbench_data_for_swat303
:date 12162016-16:00:08.000 12162016-16:00:09.000
0 0 1183762 0 4148378 0 9470096 0 12146 12146 0 0 0 0
:
:vdbench503_vdbench_data_for_swat303
:date 12162016-16:00:09.000 12162016-16:00:10.000
0 0 1121477 0 4152860 0 8971816 0 11105 11105 0 0 0 0
:
:vdbench503_vdbench_data_for_swat303
:date 12162016-16:00:10.000 12162016-16:00:11.000
0 0 1189500 0 4156188 0 9516000 0 9124 9124 0 0 0 0
:
:vdbench503_vdbench_data_for_swat303
:date 12162016-16:00:11.000 12162016-16:00:12.000
0 0 1118499 0 4085328 0 8947992 0 20306 20306 0 0 0 0
:
:vdbench503_vdbench_data_for_swat303
:date 12162016-16:00:12.000 12162016-16:00:13.000
0 0 1149823 0 3900282 0 9198584 0 14717 14717 0 0 0 0
:
:vdbench503_vdbench_data_for_swat303
:date 12162016-16:00:14.000 12162016-16:00:15.000
0 0 367721 181717 3724706 0 2941768 1453736 76853 11149 76853 0 0 0
:
:vdbench503_vdbench_data_for_swat303
:date 12162016-16:00:15.000 12162016-16:00:16.000
0 0 194562 96135 7243556 0 1556496 769080 34873 8224 34873 0 0 0
:
:vdbench503_vdbench_data_for_swat303
:date 12162016-16:00:16.000 12162016-16:00:17.000
0 0 62416 30988 7713262 0 499328 247904 98992 3187 98992 0 0 0
:
:vdbench503_vdbench_data_for_swat303
:date 12162016-16:00:17.000 12162016-16:00:18.000
0 0 19593 9591 7984847 0 156744 76728 215216 3976 215216 0 0 0
:
:vdbench503_vdbench_data_for_swat303
:date 12162016-16:00:18.000 12162016-16:00:19.000
0 0 994 518 2396310 0 7952 4144 939977 13 939977 0 0 0
:
:vdbench503_vdbench_data_for_swat303
:date 12162016-16:00:19.000 12162016-16:00:20.000
0 0 16316 7800 12721532 0 130528 62400 989177 1674 989177 0 0 0
:
:vdbench503_vdbench_data_for_swat303
:date 12162016-16:00:23.000 12162016-16:00:24.000
0 0 11993 5907 7974019 0 95944 47256 211746 1223 211746 0 0 0
:
:vdbench503_vdbench_data_for_swat303
:date 12162016-16:00:24.000 12162016-16:00:25.000
0 0 0 0 0 0 0 0 0 0 0 0 0 0
:
:vdbench503_vdbench_data_for_swat303
:date 12162016-16:00:29.000 12162016-16:00:29.000
0 0 0 0 0 0 0 0 0 0 0 0 0 0
:
:vdbench503_vdbench_data_for_swat303
:date 12162016-16:00:29.000 12162016-16:00:29.000
0 0 0 0 0 0 0 0 0 0 0 0 0 0
:
:vdbench503_vdbench_data_for_swat303
:date 12162016-16:00:29.000 12162016-16:00:29.000
0 0 9 0 55 0 72 0 15 15 0 0 0 0
:
:vdbench503_vdbench_data_for_swat303
:date 12162016-16:00:29.000 12162016-16:00:29.000
0 0 56998 27954 17505019 0 455984 223632 885990 882083 885990 0 0 0
:
:vdbench503_vdbench_data_for_swat303
:date 12162016-16:00:29.000 12162016-16:00:29.000
0 0 0 0 0 0 0 0 0 0 0 0 0 0
:
:vdbench503_vdbench_data_for_swat303
:date 12162016-16:00:29.000 12162016-16:00:29.000
0 0 0 0 0 0 0 0 0 0 0 0 0 0
:
:vdbench503_vdbench_data_for_swat303
:date 12162016-16:00:29.000 12162016-16:00:29.000
0 0 0 0 0 0 0 0 0 0 0 0 0 0
:
:vdbench503_vdbench_data_for_swat303
:date 12162016-16:00:29.000 12162016-16:00:30.000
0 0 30884 15154 7594609 0 247072 121232 288397 254961 288397 0 0 0
:
:vdbench503_vdbench_data_for_swat303
:date 12162016-16:00:30.000 12162016-16:00:31.000
0 0 30894 15228 7788605 0 247152 121824 56368 3064 56368 0 0 0
:
:vdbench503_vdbench_data_for_swat303
:date 12162016-16:00:31.000 12162016-16:00:32.000
0 0 22669 11106 7620650 0 181352 88848 91982 1923 91982 0 0 0
:
:vdbench503_vdbench_data_for_swat303
:date 12162016-16:00:32.000 12162016-16:00:33.000
0 0 13701 6881 7988136 0 109608 55048 145376 1123 145376 0 0 0
:
:vdbench503_vdbench_data_for_swat303
:date 12162016-16:00:33.000 12162016-16:00:34.000
0 0 12353 5808 5780761 0 98824 46464 291989 6629 291989 0 0 0
:
:vdbench503_vdbench_data_for_swat303
:date 12162016-16:00:34.000 12162016-16:00:35.000
0 0 0 0 0 0 0 0 0 0 0 0 0 0
:
:vdbench503_vdbench_data_for_swat303
:date 12162016-16:00:35.000 12162016-16:00:36.000
0 0 11630 5786 18430974 0 93040 46288 1895105 924 1895105 0 0 0
:
:vdbench503_vdbench_data_for_swat303
:date 12162016-16:00:36.000 12162016-16:00:37.000
0 0 21346 10626 7811340 0 170768 85008 83644 1269 83644 0 0 0
:
:vdbench503_vdbench_data_for_swat303
:date 12162016-16:00:40.000 12162016-16:00:41.000
0 0 20317 10098 8302530 0 162536 80784 115491 2254 115491 0 0 0
:
:vdbench503_vdbench_data_for_swat303
:date 12162016-16:00:43.000 12162016-16:00:44.000
0 0 0 0 0 0 0 0 0 0 0 0 0 0
:
:vdbench503_vdbench_data_for_swat303
:date 12162016-16:00:43.000 12162016-16:00:44.000
0 0 0 0 0 0 0 0 0 0 0 0 0 0
:
:vdbench503_vdbench_data_for_swat303
:date 12162016-16:00:43.000 12162016-16:00:44.000
0 0 8 0 18 0 64 0 4 4 0 0 0 0
:
:vdbench503_vdbench_data_for_swat303
:date 12162016-16:00:43.000 12162016-16:00:44.000
0 0 0 0 0 0 0 0 0 0 0 0 0 0
:
:vdbench503_vdbench_data_for_swat303
:date 12162016-16:00:43.000 12162016-16:00:44.000
0 0 0 0 0 0 0 0 0 0 0 0 0 0
:
:vdbench503_vdbench_data_for_swat303
:date 12162016-16:00:43.000 12162016-16:00:44.000
0 0 0 0 0 0 0 0 0 0 0 0 0 0
:
:vdbench503_vdbench_data_for_swat303
:date 12162016-16:00:52.000 12162016-16:00:53.000
0 0 49042 48844 7076571 0 392336 390752 59455 4817 59455 0 0 0
:
:vdbench503_vdbench_data_for_swat303
:date 12162016-16:00:58.000 12162016-16:00:59.000
0 0 67633 67508 24962812 0 541064 540064 91129 3550 91129 0 0 0
:
:vdbench503_vdbench_data_for_swat303
:date 12162016-16:01:03.000 12162016-16:01:04.000
0 0 0 0 0 0 0 0 0 0 0 0 0 0
:
:vdbench503_vdbench_data_for_swat303
:date 12162016-16:01:03.000 12162016-16:01:04.000
0 0 0 0 0 0 0 0 0 0 0 0 0 0
:
:vdbench503_vdbench_data_for_swat303
:date 12162016-16:01:03.000 12162016-16:01:04.000
0 0 0 0 0 0 0 0 0 0 0 0 0 0
:
:vdbench503_vdbench_data_for_swat303
:date 12162016-16:01:03.000 12162016-16:01:04.000
0 0 0 0 0 0 0 0 0 0 0 0 0 0
:
:vdbench503_vdbench_data_for_swat303
:date 12162016-16:01:03.000 12162016-16:01:04.000
0 0 4433 4493 625206 0 35464 35944 59713 4128 59713 0 0 0
:
:vdbench503_vdbench_data_for_swat303
:date 12162016-16:01:03.000 12162016-16:01:04.000
0 0 0 1 474287 0 0 8 474287 0 474287 0 0 0
:
:vdbench503_vdbench_data_for_swat303
:date 12162016-16:01:03.000 12162016-16:01:04.000
0 0 0 0 0 0 0 0 0 0 0 0 0 0
:
:vdbench503_vdbench_data_for_swat303
:date 12162016-16:01:03.000 12162016-16:01:04.000
0 0 0 0 0 0 0 0 0 0 0 0 0 0
:
:vdbench503_vdbench_data_for_swat303
:date 12162016-16:01:03.000 12162016-16:01:04.000
0 0 0 0 0 0 0 0 0 0 0 0 0 0
:
:vdbench503_vdbench_data_for_swat303
:date 12162016-16:01:03.000 12162016-16:01:04.000
0 0 0 0 0 0 0 0 0 0 0 0 0 0
:
:vdbench503_vdbench_data_for_swat303
:date 12162016-16:01:04.000 12162016-16:01:05.000
0 0 1281 1244 43433655 0 10248 9952 5486225 469 5486225 0 0 0
:
:vdbench503_vdbench_data_for_swat303
:date 12162016-16:01:05.000 12162016-16:01:06.000
0 0 42475 42211 10862976 0 339800 337688 567011 562524 567011 0 0 0
:
:vdbench503_vdbench_data_for_swat303
:date 12162016-16:01:06.000 12162016-16:01:07.000
0 0 22605 22628 7918790 0 180840 181024 59716 790 59716 0 0 0
:
:vdbench503_vdbench_data_for_swat303
:date 12162016-16:01:07.000 12162016-16:01:08.000
0 0 15550 15643 8028417 0 124400 125144 59763 1354 59763 0 0 0
:
:vdbench503_vdbench_data_for_swat303
:date 12162016-16:01:08.000 12162016-16:01:09.000
0 0 12802 12566 7935595 0 102416 100528 81855 1390 81855 0 0 0
:
:vdbench503_vdbench_data_for_swat303
:date 12162016-16:01:09.000 12162016-16:01:10.000
0 0 14411 14459 8269928 0 115288 115672 121975 5887 121975 0 0 0
:
:vdbench503_vdbench_data_for_swat303
:date 12162016-16:01:10.000 12162016-16:01:11.000
0 0 2190 2105 7601502 0 17520 16840 775723 465 775723 0 0 0
:
:vdbench503_vdbench_data_for_swat303
:date 12162016-16:01:11.000 12162016-16:01:12.000
0 0 13838 13785 7997254 0 110704 110280 78181 3446 78181 0 0 0
:
:vdbench503_vdbench_data_for_swat303
:date 12162016-16:01:12.000 12162016-16:01:13.000
0 0 14584 14532 8099879 0 116672 116256 79648 3073 79648 0 0 0
:
:vdbench503_vdbench_data_for_swat303
:date 12162016-16:01:13.000 12162016-16:01:14.000
0 0 14475 14555 7786964 0 115800 116440 79760 2347 79760 0 0 0
:
:vdbench503_vdbench_data_for_swat303
:date 12162016-16:01:17.000 12162016-16:01:18.000
0 0 9099 9143 7979095 0 72792 73144 119769 722 119769 0 0 0
:
:vdbench503_vdbench_data_for_swat303
:date 12162016-16:01:17.000 12162016-16:01:18.000
0 0 8876 8752 4663855 0 71008 70016 95768 911 95768 0 0 0
:
:vdbench503_vdbench_data_for_swat303
:date 12162016-16:01:17.000 12162016-16:01:18.000
0 0 0 0 0 0 0 0 0 0 0 0 0 0
:
:vdbench503_vdbench_data_for_swat303
:date 12162016-16:01:17.000 12162016-16:01:18.000
0 0 0 0 0 0 0 0 0 0 0 0 0 0
:
:vdbench503_vdbench_data_for_swat303
:date 12162016-16:01:18.000 12162016-16:01:19.000
0 0 7434 7452 27311171 0 59472 59616 3009197 1447 3009197 0 0 0
:
:vdbench503_vdbench_data_for_swat303
:date 12162016-16:01:19.000 12162016-16:01:20.000
0 0 14212 14433 7944743 0 113696 115464 80050 1619 80050 0 0 0
:
:vdbench503_vdbench_data_for_swat303
:date 12162016-16:01:20.000 12162016-16:01:21.000
0 0 7056 6917 4219737 0 56448 55336 80050 1804 80050 0 0 0
:
:vdbench503_vdbench_data_for_swat303
:date 12162016-16:01:21.000 12162016-16:01:22.000
0 0 0 0 0 0 0 0 0 0 0 0 0 0
:
:vdbench503_vdbench_data_for_swat303
:date 12162016-16:01:29.000 12162016-16:01:30.000
0 0 20722 42549 4361002 0 165776 340392 77124 4089 77124 0 0 0
:
:vdbench503_vdbench_data_for_swat303
:date 12162016-16:01:30.000 12162016-16:01:31.000
0 0 10711 21863 8022545 0 85688 174904 124430 1386 124430 0 0 0
:
:vdbench503_vdbench_data_for_swat303
:date 12162016-16:01:31.000 12162016-16:01:32.000
0 0 6739 13463 7913710 0 53912 107704 79873 274 79873 0 0 0
:
:vdbench503_vdbench_data_for_swat303
:date 12162016-16:01:32.000 12162016-16:01:33.000
0 0 3619 7364 4622903 0 28952 58912 82998 22156 82998 0 0 0
:
:vdbench503_vdbench_data_for_swat303
:date 12162016-16:01:33.000 12162016-16:01:34.000
0 0 6371 12974 7981338 0 50968 103792 83721 313 83721 0 0 0
:
:vdbench503_vdbench_data_for_swat303
:date 12162016-16:01:34.000 12162016-16:01:35.000
0 0 6028 11921 7934061 0 48224 95368 79633 942 79633 0 0 0
:
:vdbench503_vdbench_data_for_swat303
:date 12162016-16:01:35.000 12162016-16:01:36.000
0 0 6741 13780 7859118 0 53928 110240 96547 281 96547 0 0 0
:
:vdbench503_vdbench_data_for_swat303
:date 12162016-16:01:36.000 12162016-16:01:37.000
0 0 4367 8717 8075833 0 34936 69736 131638 484 131638 0 0 0
:
:vdbench503_vdbench_data_for_swat303
:date 12162016-16:01:37.000 12162016-16:01:38.000
0 0 4858 9800 4405627 0 38864 78400 175095 294 175095 0 0 0
:
:vdbench503_vdbench_data_for_swat303
:date 12162016-16:01:38.000 12162016-16:01:39.000
0 0 1703 3546 11586681 0 13624 28368 1158551 1070044 1158551 0 0 0
:
:vdbench503_vdbench_data_for_swat303
:date 12162016-16:01:39.000 12162016-16:01:40.000
0 0 4993 10047 7957984 0 39944 80376 96000 274 96000 0 0 0
:
:vdbench503_vdbench_data_for_swat303
:date 12162016-16:01:40.000 12162016-16:01:41.000
0 0 3225 6519 7852283 0 25800 52152 71983 467 71983 0 0 0
:
:vdbench503_vdbench_data_for_swat303
:date 12162016-16:01:41.000 12162016-16:01:42.000
0 0 5149 10335 8264426 0 41192 82680 119689 1958 119689 0 0 0
:
:vdbench503_vdbench_data_for_swat303
:date 12162016-16:01:42.000 12162016-16:01:43.000
0 0 2713 5505 2654077 0 21704 44040 82358 160 82358 0 0 0
:
:vdbench503_vdbench_data_for_swat303
:date 12162016-16:01:43.000 12162016-16:01:44.000
0 0 3800 7858 8721955 0 30400 62864 401787 363423 401787 0 0 0
:
:vdbench503_vdbench_data_for_swat303
:date 12162016-16:01:44.000 12162016-16:01:45.000
0 0 7567 15369 7817560 0 60536 122952 119575 325 119575 0 0 0
:
:vdbench503_vdbench_data_for_swat303
:date 12162016-16:01:45.000 12162016-16:01:46.000
0 0 6218 12685 8203863 0 49744 101480 119777 317 119777 0 0 0
:
:vdbench503_vdbench_data_for_swat303
:date 12162016-16:01:46.000 12162016-16:01:47.000
0 0 4910 9787 7901771 0 39280 78296 111880 536 111880 0 0 0
:
:vdbench503_vdbench_data_for_swat303
:date 12162016-16:01:47.000 12162016-16:01:48.000
0 0 5545 11223 5177954 0 44360 89784 119542 359 119542 0 0 0
:
:vdbench503_vdbench_data_for_swat303
:date 12162016-16:01:48.000 12162016-16:01:49.000
0 0 609 1322 2402885 0 4872 10576 251288 17 251288 0 0 0
:
:vdbench503_vdbench_data_for_swat303
:date 12162016-16:01:50.000 12162016-16:01:51.000
0 0 0 0 0 0 0 0 0 0 0 0 0 0
:
:vdbench503_vdbench_data_for_swat303
:date 12162016-16:01:50.000 12162016-16:01:51.000
0 0 0 0 0 0 0 0 0 0 0 0 0 0
:
:vdbench503_vdbench_data_for_swat303
:date 12162016-16:01:51.000 12162016-16:01:52.000
0 0 4309 8888 29473729 0 34472 71104 3099605 30 3099605 0 0 0
:
:vdbench503_vdbench_data_for_swat303
:date 12162016-16:01:52.000 12162016-16:01:53.000
0 0 7414 14473 7989466 0 59312 115784 79622 84 79622 0 0 0
:
:vdbench503_vdbench_data_for_swat303
:date 12162016-16:01:53.000 12162016-16:01:54.000
0 0 4195 8588 4290298 0 33560 68704 59885 47 59885 0 0 0
:
:vdbench503_vdbench_data_for_swat303
:date 12162016-16:01:54.000 12162016-16:01:55.000
0 0 1277 2706 12019795 0 10216 21648 1358833 15 1358833 0 0 0
:
:vdbench503_vdbench_data_for_swat303
:date 12162016-16:01:55.000 12162016-16:01:56.000
0 0 6823 13932 7756716 0 54584 111456 66905 267 66905 0 0 0
:
:vdbench503_vdbench_data_for_swat303
:date 12162016-16:01:56.000 12162016-16:01:57.000
0 0 4098 8318 7963905 0 32784 66544 539561 485195 539561 0 0 0
:
:vdbench503_vdbench_data_for_swat303
:date 12162016-16:01:57.000 12162016-16:01:58.000
0 0 7449 15223 8311415 0 59592 121784 79735 920 79735 0 0 0
:
:vdbench503_vdbench_data_for_swat303
:date 12162016-16:01:58.000 12162016-16:01:59.000
0 0 6127 12638 7458422 0 49016 101104 95698 1300 95698 0 0 0
:
:vdbench503_vdbench_data_for_swat303
:date 12162016-16:02:00.000 12162016-16:02:01.000
0 0 0 1183 1802282 0 0 9464 79960 0 79960 0 0 0
:
:vdbench503_vdbench_data_for_swat303
:date 12162016-16:02:02.000 12162016-16:02:03.000
0 0 0 9675 6954489 0 0 77400 83825 0 83825 0 0 0
:
:vdbench503_vdbench_data_for_swat303
:date 12162016-16:02:02.000 12162016-16:02:03.000
0 0 0 0 0 0 0 0 0 0 0 0 0 0
:
:vdbench503_vdbench_data_for_swat303
:date 12162016-16:02:03.000 12162016-16:02:04.000
0 0 0 541 872566 0 0 4328 111280 0 111280 0 0 0
:
:vdbench503_vdbench_data_for_swat303
:date 12162016-16:02:04.000 12162016-16:02:05.000
0 0 0 19966 7778289 0 0 159728 71617 0 71617 0 0 0
:
:vdbench503_vdbench_data_for_swat303
:date 12162016-16:02:05.000 12162016-16:02:06.000
0 0 0 18364 5525190 0 0 146912 79785 0 79785 0 0 0
:
:vdbench503_vdbench_data_for_swat303
:date 12162016-16:02:08.000 12162016-16:02:09.000
0 0 0 3342 3187984 0 0 26736 79780 0 79780 0 0 0
:
:vdbench503_vdbench_data_for_swat303
:date 12162016-16:02:08.000 12162016-16:02:09.000
0 0 0 0 0 0 0 0 0 0 0 0 0 0
:
:vdbench503_vdbench_data_for_swat303
:date 12162016-16:02:08.000 12162016-16:02:09.000
0 0 0 0 0 0 0 0 0 0 0 0 0 0
:
:vdbench503_vdbench_data_for_swat303
:date 12162016-16:02:09.000 12162016-16:02:10.000
0 0 0 12108 6446252 0 0 96864 151387 0 151387 0 0 0
:
:vdbench503_vdbench_data_for_swat303
:date 12162016-16:02:10.000 12162016-16:02:11.000
0 0 0 21173 7785456 0 0 169384 64184 0 64184 0 0 0
:
:vdbench503_vdbench_data_for_swat303
:date 12162016-16:02:11.000 12162016-16:02:12.000
0 0 0 19571 8016389 0 0 156568 80637 0 80637 0 0 0
:
:vdbench503_vdbench_data_for_swat303
:date 12162016-16:02:12.000 12162016-16:02:13.000
0 0 0 4810 5015758 0 0 38480 102446 0 102446 0 0 0
:
:vdbench503_vdbench_data_for_swat303
:date 12162016-16:02:13.000 12162016-16:02:14.000
0 0 0 13202 11047266 0 0 105616 502986 0 502986 0 0 0
:
:vdbench503_vdbench_data_for_swat303
:date 12162016-16:02:14.000 12162016-16:02:15.000
0 0 0 3037 1656474 0 0 24296 95802 0 95802 0 0 0
:
:vdbench503_vdbench_data_for_swat303
:date 12162016-16:02:16.000 12162016-16:02:17.000
0 0 0 0 0 0 0 0 0 0 0 0 0 0
:
:vdbench503_vdbench_data_for_swat303
:date 12162016-16:02:16.000 12162016-16:02:17.000
0 0 0 0 0 0 0 0 0 0 0 0 0 0
:
:vdbench503_vdbench_data_for_swat303
:date 12162016-16:02:17.000 12162016-16:02:18.000
0 0 0 4630 28861317 0 0 37040 3194130 0 3194130 0 0 0
:
:vdbench503_vdbench_data_for_swat303
:date 12162016-16:02:18.000 12162016-16:02:19.000
0 0 0 17237 7844950 0 0 137896 99734 0 99734 0 0 0
:
:vdbench503_vdbench_data_for_swat303
:date 12162016-16:02:19.000 12162016-16:02:20.000
0 0 0 16080 8024373 0 0 128640 79771 0 79771 0 0 0
:
:vdbench503_vdbench_data_for_swat303
:date 12162016-16:02:20.000 12162016-16:02:21.000
0 0 0 16556 8095660 0 0 132448 79787 0 79787 0 0 0
:
:vdbench503_vdbench_data_for_swat303
:date 12162016-16:02:21.000 12162016-16:02:22.000
0 0 0 8462 7894780 0 0 67696 81576 0 81576 0 0 0
:
:vdbench503_vdbench_data_for_swat303
:date 12162016-16:02:24.000 12162016-16:02:25.000
0 0 0 9232 8197378 0 0 73856 275766 0 275766 0 0 0
:
:vdbench503_vdbench_data_for_swat303
:date 12162016-16:02:24.000 12162016-16:02:25.000
0 0 0 14795 8084930 0 0 118360 95794 0 95794 0 0 0
:
:vdbench503_vdbench_data_for_swat303
:date 12162016-16:02:24.000 12162016-16:02:25.000
0 0 0 12239 5943396 0 0 97912 111787 0 111787 0 0 0
:
:vdbench503_vdbench_data_for_swat303
:date 12162016-16:02:25.000 12162016-16:02:26.000
0 0 0 13300 7562747 0 0 106400 315426 0 315426 0 0 0
:
:vdbench503_vdbench_data_for_swat303
:date 12162016-16:02:26.000 12162016-16:02:27.000
0 0 0 5997 7957792 0 0 47976 127759 0 127759 0 0 0
:
:vdbench503_vdbench_data_for_swat303
:date 12162016-16:02:29.000 12162016-16:02:30.000
0 0 0 8888 8195351 0 0 71104 123090 0 123090 0 0 0
:
:vdbench503_vdbench_data_for_swat303
:date 12162016-16:02:29.000 12162016-16:02:30.000
0 0 0 8934 8245149 0 0 71472 111801 0 111801 0 0 0
:
:vdbench503_vdbench_data_for_swat303
:date 12162016-16:02:29.000 12162016-16:02:30.000
0 0 0 2999 5614085 0 0 23992 214457 0 214457 0 0 0
