15:59:44.512         1       0.00     0.00       0   0.00    0.000    0.000    0.000    0.000    0.000   0.0   8.9   4.6
15:59:45.043         2  113851.00   444.73    4096 100.00    0.003    0.003    0.000    5.736    0.053   0.4  50.3  16.2
15:59:46.043         3 1140088.00  4453.47    4096 100.00    0.003    0.003    0.000   16.355    0.061   3.7  89.8  55.8
15:59:47.041         4 1157867.00  4522.92    4096 100.00    0.003    0.003    0.000   24.735    0.065   3.7  89.5  57.5
15:59:48.042         5 1182000.00  4617.19    4096 100.00    0.003    0.003    0.000   52.038    0.070   3.7  89.7  56.6
15:59:49.043         6 1280688.00  5002.69    4096 100.00    0.003    0.003    0.000   12.526    0.054   4.1  93.9  58.8
15:59:50.042         7 1280911.00  5003.56    4096 100.00    0.003    0.003    0.000   26.156    0.057   4.1  93.1  58.4
15:59:51.042         8 1277896.00  4991.78    4096 100.00    0.003    0.003    0.000   11.986    0.047   3.9  94.1  57.4
15:59:52.042         9 1255389.00  4903.86    4096 100.00    0.003    0.003    0.000   21.505    0.065   4.1  94.0  56.5
15:59:53.049        10 1260156.00  4922.48    4096 100.00    0.003    0.003    0.000   13.700    0.055   4.1  92.4  57.8
15:59:54.041        11 1259779.00  4921.01    4096 100.00    0.003    0.003    0.000   21.771    0.056   4.1  94.4  55.6
15:59:55.041        12 1277289.00  4989.41    4096 100.00    0.003    0.003    0.000   15.941    0.052   4.1  94.1  56.1
15:59:59.055        13 1343005.00  5246.11    4096 100.00    0.003    0.003    0.000    8.849    0.048   4.2  94.1  57.6
15:59:59.059        14 1214146.00  4742.76    4096 100.00    0.003    0.003    0.000    8.337    0.056   4.2  93.3  57.3
15:59:59.075        15 1253661.00  4897.11    4096 100.00    0.003    0.003    0.000   16.685    0.059   4.2  94.4  58.5
15:59:59.079        16 1284601.00  5017.97    4096 100.00    0.003    0.003    0.000    9.042    0.049   4.1  94.9  59.5
16:00:00.041        17 1233814.00  4819.59    4096 100.00    0.003    0.003    0.000   17.042    0.053   4.1  95.0  61.0
16:00:01.041        18 1250781.00  4885.86    4096 100.00    0.003    0.003    0.000   11.841    0.056   4.3  95.4  58.6
16:00:02.041        19 1207711.00  4717.62    4096 100.00    0.003    0.003    0.000    9.533    0.055   4.0  94.9  53.6
16:00:03.041        20 1263817.00  4936.79    4096 100.00    0.003    0.003    0.000   23.353    0.072   4.4  94.9  57.9
16:00:04.042        21 1161354.00  4536.54    4096 100.00    0.003    0.003    0.000   11.170    0.056   4.1  93.6  57.4
16:00:05.041        22 1283404.00  5013.30    4096 100.00    0.003    0.003    0.000    6.639    0.048   4.1  95.1  57.5
16:00:06.041        23 1114873.00  4354.97    4096 100.00    0.004    0.004    0.000    8.406    0.057   4.2  93.8  56.7
16:00:07.041        24 1244682.00  4862.04    4096 100.00    0.003    0.003    0.000    9.201    0.053   4.2  93.8  57.5
16:00:08.044        25 1121463.00  4380.71    4096 100.00    0.004    0.004    0.000   30.535    0.079   4.1  91.5  55.8
16:00:09.041        26 1183762.00  4624.07    4096 100.00    0.004    0.004    0.000   12.146    0.059   4.1  93.4  54.3
16:00:10.041        27 1121477.00  4380.77    4096 100.00    0.004    0.004    0.000   11.105    0.062   4.2  93.4  55.3
16:00:11.041        28 1189500.00  4646.48    4096 100.00    0.003    0.003    0.000    9.124    0.052   4.2  94.9  60.3
16:00:12.041        29 1118499.00  4369.14    4096 100.00    0.004    0.004    0.000   20.306    0.068   4.1  93.9  54.3
16:00:13.043        30 1149823.00  4491.50    4096 100.00    0.003    0.003    0.000   14.717    0.064   3.9  93.4  52.2
16:00:13.056        31 1180216.79  4610.22    4096 100.00    0.003    0.003    0.000   52.038    0.058   4.0  92.8  56.3