:date 12162016-16:26:21.000
:fixed_data
0 0 0 0 sd_s1
:
:vdbench503_vdbench_data_for_swat303
:date 12162016-16:26:22.000 12162016-16:27:08.000
0 0 0 18542 75332683 0 0 4746752 2581670 0 2581670 0 0 0
:
:vdbench503_vdbench_data_for_swat303
:date 12162016-16:27:11.000 12162016-16:27:40.000
0 0 8974 0 29220679 0 2297344 0 2516330 2516330 0 0 0 0
:
:vdbench503_vdbench_data_for_swat303
:date 12162016-16:27:42.000 12162016-16:28:11.000
0 0 15201 0 57954771 0 3891456 0 134630 134630 0 0 0 0
:
:vdbench503_vdbench_data_for_swat303
:date 12162016-16:28:13.000 12162016-16:28:42.000
0 0 17619 0 86990649 0 4510464 0 162650 162650 0 0 0 0
:
:vdbench503_vdbench_data_for_swat303
:date 12162016-16:28:44.000 12162016-16:29:13.000
0 0 37135 0 115978784 0 9506560 0 531268 531268 0 0 0 0
