:date 12162016-16:26:21.000
:fixed_data
0 0 0 0 sd_s1
:
:vdbench503_vdbench_data_for_swat303
:date 12162016-16:26:21.000 12162016-16:26:22.000
0 0 0 6034 1094863 0 0 1544704 87896 0 87896 0 0 0
:
:vdbench503_vdbench_data_for_swat303
:date 12162016-16:26:24.000 12162016-16:26:24.000
0 0 0 274 3059325 0 0 70144 2575240 0 2575240 0 0 0
:
:vdbench503_vdbench_data_for_swat303
:date 12162016-16:26:24.000 12162016-16:26:24.000
0 0 0 18 2950 0 0 4608 238 0 238 0 0 0
:
:vdbench503_vdbench_data_for_swat303
:date 12162016-16:26:24.000 12162016-16:26:25.000
0 0 0 996 2887559 0 0 254976 2581670 0 2581670 0 0 0
:
:vdbench503_vdbench_data_for_swat303
:date 12162016-16:26:25.000 12162016-16:26:26.000
0 0 0 679 1991556 0 0 173824 31833 0 31833 0 0 0
:
:vdbench503_vdbench_data_for_swat303
:date 12162016-16:26:26.000 12162016-16:26:27.000
0 0 0 585 1992931 0 0 149760 31372 0 31372 0 0 0
:
:vdbench503_vdbench_data_for_swat303
:date 12162016-16:26:27.000 12162016-16:26:28.000
0 0 0 245 1317909 0 0 62720 296185 0 296185 0 0 0
:
:vdbench503_vdbench_data_for_swat303
:date 12162016-16:26:28.000 12162016-16:26:29.000
0 0 0 42 1168939 0 0 10752 1161495 0 1161495 0 0 0
:
:vdbench503_vdbench_data_for_swat303
:date 12162016-16:26:33.000 12162016-16:26:34.000
0 0 0 752 3503532 0 0 192512 1543260 0 1543260 0 0 0
:
:vdbench503_vdbench_data_for_swat303
:date 12162016-16:26:33.000 12162016-16:26:34.000
0 0 0 542 1658596 0 0 138752 31624 0 31624 0 0 0
:
:vdbench503_vdbench_data_for_swat303
:date 12162016-16:26:33.000 12162016-16:26:34.000
0 0 0 387 989167 0 0 99072 16473 0 16473 0 0 0
:
:vdbench503_vdbench_data_for_swat303
:date 12162016-16:26:33.000 12162016-16:26:34.000
0 0 0 386 764787 0 0 98816 15899 0 15899 0 0 0
:
:vdbench503_vdbench_data_for_swat303
:date 12162016-16:26:33.000 12162016-16:26:34.000
0 0 0 7 1533336 0 0 1792 1531449 0 1531449 0 0 0
:
:vdbench503_vdbench_data_for_swat303
:date 12162016-16:26:34.000 12162016-16:26:35.000
0 0 0 1016 1322163 0 0 260096 23511 0 23511 0 0 0
:
:vdbench503_vdbench_data_for_swat303
:date 12162016-16:26:35.000 12162016-16:26:36.000
0 0 0 965 1989277 0 0 247040 27689 0 27689 0 0 0
:
:vdbench503_vdbench_data_for_swat303
:date 12162016-16:26:36.000 12162016-16:26:37.000
0 0 0 563 1062407 0 0 144128 31339 0 31339 0 0 0
:
:vdbench503_vdbench_data_for_swat303
:date 12162016-16:26:37.000 12162016-16:26:38.000
0 0 0 521 989709 0 0 133376 11780 0 11780 0 0 0
:
:vdbench503_vdbench_data_for_swat303
:date 12162016-16:26:38.000 12162016-16:26:39.000
0 0 0 429 1005138 0 0 109824 11882 0 11882 0 0 0
:
:vdbench503_vdbench_data_for_swat303
:date 12162016-16:26:39.000 12162016-16:26:40.000
0 0 0 159 392013 0 0 40704 72980 0 72980 0 0 0
:
:vdbench503_vdbench_data_for_swat303
:date 12162016-16:26:40.000 12162016-16:26:41.000
0 0 0 86 2714661 0 0 22016 1524695 0 1524695 0 0 0
:
:vdbench503_vdbench_data_for_swat303
:date 12162016-16:26:41.000 12162016-16:26:42.000
0 0 0 982 1996302 0 0 251392 23583 0 23583 0 0 0
:
:vdbench503_vdbench_data_for_swat303
:date 12162016-16:26:42.000 12162016-16:26:43.000
0 0 0 502 1996953 0 0 128512 47928 0 47928 0 0 0
:
:vdbench503_vdbench_data_for_swat303
:date 12162016-16:26:43.000 12162016-16:26:44.000
0 0 0 529 1988481 0 0 135424 23840 0 23840 0 0 0
:
:vdbench503_vdbench_data_for_swat303
:date 12162016-16:26:44.000 12162016-16:26:45.000
0 0 0 205 790711 0 0 52480 15855 0 15855 0 0 0
:
:vdbench503_vdbench_data_for_swat303
:date 12162016-16:26:49.000 12162016-16:26:50.000
0 0 0 95 3216088 0 0 24320 1495305 0 1495305 0 0 0
:
:vdbench503_vdbench_data_for_swat303
:date 12162016-16:26:49.000 12162016-16:26:50.000
0 0 0 860 2085812 0 0 220160 39679 0 39679 0 0 0
:
:vdbench503_vdbench_data_for_swat303
:date 12162016-16:26:49.000 12162016-16:26:50.000
0 0 0 464 1997420 0 0 118784 55906 0 55906 0 0 0
:
:vdbench503_vdbench_data_for_swat303
:date 12162016-16:26:49.000 12162016-16:26:50.000
0 0 0 472 1998302 0 0 120832 31891 0 31891 0 0 0
:
:vdbench503_vdbench_data_for_swat303
:date 12162016-16:26:49.000 12162016-16:26:50.000
0 0 0 267 1047443 0 0 68352 32014 0 32014 0 0 0
:
:vdbench503_vdbench_data_for_swat303
:date 12162016-16:26:50.000 12162016-16:26:51.000
0 0 0 114 2790462 0 0 29184 1293626 0 1293626 0 0 0
:
:vdbench503_vdbench_data_for_swat303
:date 12162016-16:26:53.000 12162016-16:26:54.000
0 0 0 790 1957652 0 0 202240 31526 0 31526 0 0 0
:
:vdbench503_vdbench_data_for_swat303
:date 12162016-16:26:53.000 12162016-16:26:54.000
0 0 0 514 2077781 0 0 131584 39875 0 39875 0 0 0
:
:vdbench503_vdbench_data_for_swat303
:date 12162016-16:26:53.000 12162016-16:26:54.000
0 0 0 445 1989692 0 0 113920 55770 0 55770 0 0 0
:
:vdbench503_vdbench_data_for_swat303
:date 12162016-16:26:54.000 12162016-16:26:55.000
0 0 0 191 1247649 0 0 48896 360672 0 360672 0 0 0
:
:vdbench503_vdbench_data_for_swat303
:date 12162016-16:26:55.000 12162016-16:26:56.000
0 0 0 0 0 0 0 0 0 0 0 0 0 0
:
:vdbench503_vdbench_data_for_swat303
:date 12162016-16:26:56.000 12162016-16:26:57.000
0 0 0 331 4671345 0 0 84736 2177111 0 2177111 0 0 0
:
:vdbench503_vdbench_data_for_swat303
:date 12162016-16:26:57.000 12162016-16:26:58.000
0 0 0 937 1998126 0 0 239872 38448 0 38448 0 0 0
:
:vdbench503_vdbench_data_for_swat303
:date 12162016-16:26:58.000 12162016-16:26:59.000
0 0 0 470 1982202 0 0 120320 108194 0 108194 0 0 0
:
:vdbench503_vdbench_data_for_swat303
:date 12162016-16:26:59.000 12162016-16:27:00.000
0 0 0 379 1663017 0 0 97024 95935 0 95935 0 0 0
:
:vdbench503_vdbench_data_for_swat303
:date 12162016-16:27:00.000 12162016-16:27:01.000
0 0 0 2 942032 0 0 512 474946 0 474946 0 0 0
:
:vdbench503_vdbench_data_for_swat303
:date 12162016-16:27:01.000 12162016-16:27:02.000
0 0 0 0 0 0 0 0 0 0 0 0 0 0
:
:vdbench503_vdbench_data_for_swat303
:date 12162016-16:27:06.000 12162016-16:27:07.000
0 0 0 820 5417869 0 0 209920 1852513 0 1852513 0 0 0
:
:vdbench503_vdbench_data_for_swat303
:date 12162016-16:27:06.000 12162016-16:27:07.000
0 0 0 521 1131389 0 0 133376 47569 0 47569 0 0 0
:
:vdbench503_vdbench_data_for_swat303
:date 12162016-16:27:06.000 12162016-16:27:07.000
0 0 0 0 0 0 0 0 0 0 0 0 0 0
:
:vdbench503_vdbench_data_for_swat303
:date 12162016-16:27:06.000 12162016-16:27:07.000
0 0 0 0 0 0 0 0 0 0 0 0 0 0
:
:vdbench503_vdbench_data_for_swat303
:date 12162016-16:27:06.000 12162016-16:27:07.000
0 0 0 0 0 0 0 0 0 0 0 0 0 0
:
:vdbench503_vdbench_data_for_swat303
:date 12162016-16:27:07.000 12162016-16:27:08.000
0 0 0 0 0 0 0 0 0 0 0 0 0 0
:
:vdbench503_vdbench_data_for_swat303
:date 12162016-16:27:10.000 12162016-16:27:11.000
0 0 2 0 401743 0 512 0 401621 401621 0 0 0 0
:
:vdbench503_vdbench_data_for_swat303
:date 12162016-16:27:11.000 12162016-16:27:12.000
0 0 256 0 1283928 0 65536 0 613828 613828 0 0 0 0
:
:vdbench503_vdbench_data_for_swat303
:date 12162016-16:27:12.000 12162016-16:27:13.000
0 0 446 0 998858 0 114176 0 17103 17103 0 0 0 0
:
:vdbench503_vdbench_data_for_swat303
:date 12162016-16:27:13.000 12162016-16:27:14.000
0 0 372 0 986575 0 95232 0 44101 44101 0 0 0 0
:
:vdbench503_vdbench_data_for_swat303
:date 12162016-16:27:14.000 12162016-16:27:15.000
0 0 192 0 374185 0 49152 0 15011 15011 0 0 0 0
:
:vdbench503_vdbench_data_for_swat303
:date 12162016-16:27:15.000 12162016-16:27:16.000
0 0 9 0 1144121 0 2304 0 1143926 1143926 0 0 0 0
:
:vdbench503_vdbench_data_for_swat303
:date 12162016-16:27:16.000 12162016-16:27:17.000
0 0 0 0 0 0 0 0 0 0 0 0 0 0
:
:vdbench503_vdbench_data_for_swat303
:date 12162016-16:27:17.000 12162016-16:27:18.000
0 0 3 0 1633617 0 768 0 1633548 1633548 0 0 0 0
:
:vdbench503_vdbench_data_for_swat303
:date 12162016-16:27:18.000 12162016-16:27:19.000
0 0 10 0 1750427 0 2560 0 962297 962297 0 0 0 0
:
:vdbench503_vdbench_data_for_swat303
:date 12162016-16:27:19.000 12162016-16:27:20.000
0 0 2 0 738008 0 512 0 737977 737977 0 0 0 0
:
:vdbench503_vdbench_data_for_swat303
:date 12162016-16:27:20.000 12162016-16:27:21.000
0 0 0 0 0 0 0 0 0 0 0 0 0 0
:
:vdbench503_vdbench_data_for_swat303
:date 12162016-16:27:21.000 12162016-16:27:22.000
0 0 0 0 0 0 0 0 0 0 0 0 0 0
:
:vdbench503_vdbench_data_for_swat303
:date 12162016-16:27:22.000 12162016-16:27:23.000
0 0 6 0 2516467 0 1536 0 2516330 2516330 0 0 0 0
:
:vdbench503_vdbench_data_for_swat303
:date 12162016-16:27:23.000 12162016-16:27:24.000
0 0 102 0 1845843 0 26112 0 1293348 1293348 0 0 0 0
:
:vdbench503_vdbench_data_for_swat303
:date 12162016-16:27:24.000 12162016-16:27:25.000
0 0 432 0 993660 0 110592 0 16776 16776 0 0 0 0
:
:vdbench503_vdbench_data_for_swat303
:date 12162016-16:27:25.000 12162016-16:27:26.000
0 0 377 0 998996 0 96512 0 17944 17944 0 0 0 0
:
:vdbench503_vdbench_data_for_swat303
:date 12162016-16:27:26.000 12162016-16:27:27.000
0 0 507 0 995714 0 129792 0 37278 37278 0 0 0 0
:
:vdbench503_vdbench_data_for_swat303
:date 12162016-16:27:27.000 12162016-16:27:28.000
0 0 506 0 993589 0 129536 0 16524 16524 0 0 0 0
:
:vdbench503_vdbench_data_for_swat303
:date 12162016-16:27:28.000 12162016-16:27:29.000
0 0 551 0 994422 0 141056 0 43752 43752 0 0 0 0
:
:vdbench503_vdbench_data_for_swat303
:date 12162016-16:27:29.000 12162016-16:27:30.000
0 0 449 0 1009081 0 114944 0 17320 17320 0 0 0 0
:
:vdbench503_vdbench_data_for_swat303
:date 12162016-16:27:30.000 12162016-16:27:31.000
0 0 456 0 989343 0 116736 0 16403 16403 0 0 0 0
:
:vdbench503_vdbench_data_for_swat303
:date 12162016-16:27:31.000 12162016-16:27:32.000
0 0 507 0 994813 0 129792 0 44668 44668 0 0 0 0
:
:vdbench503_vdbench_data_for_swat303
:date 12162016-16:27:32.000 12162016-16:27:33.000
0 0 499 0 1004756 0 127744 0 31832 31832 0 0 0 0
:
:vdbench503_vdbench_data_for_swat303
:date 12162016-16:27:33.000 12162016-16:27:34.000
0 0 499 0 986319 0 127744 0 46007 46007 0 0 0 0
:
:vdbench503_vdbench_data_for_swat303
:date 12162016-16:27:34.000 12162016-16:27:35.000
0 0 490 0 1000160 0 125440 0 16650 16650 0 0 0 0
:
:vdbench503_vdbench_data_for_swat303
:date 12162016-16:27:35.000 12162016-16:27:36.000
0 0 434 0 1002532 0 111104 0 42231 42231 0 0 0 0
:
:vdbench503_vdbench_data_for_swat303
:date 12162016-16:27:36.000 12162016-16:27:37.000
0 0 464 0 1000163 0 118784 0 16345 16345 0 0 0 0
:
:vdbench503_vdbench_data_for_swat303
:date 12162016-16:27:37.000 12162016-16:27:38.000
0 0 487 0 987249 0 124672 0 51504 51504 0 0 0 0
:
:vdbench503_vdbench_data_for_swat303
:date 12162016-16:27:38.000 12162016-16:27:39.000
0 0 515 0 1007063 0 131840 0 39967 39967 0 0 0 0
:
:vdbench503_vdbench_data_for_swat303
:date 12162016-16:27:39.000 12162016-16:27:40.000
0 0 403 0 990790 0 103168 0 48819 48819 0 0 0 0
:
:vdbench503_vdbench_data_for_swat303
:date 12162016-16:27:41.000 12162016-16:27:42.000
0 0 325 0 1149506 0 83200 0 31060 31060 0 0 0 0
:
:vdbench503_vdbench_data_for_swat303
:date 12162016-16:27:42.000 12162016-16:27:43.000
0 0 613 0 1978928 0 156928 0 30584 30584 0 0 0 0
:
:vdbench503_vdbench_data_for_swat303
:date 12162016-16:27:43.000 12162016-16:27:44.000
0 0 567 0 2000520 0 145152 0 29358 29358 0 0 0 0
:
:vdbench503_vdbench_data_for_swat303
:date 12162016-16:27:44.000 12162016-16:27:45.000
0 0 455 0 2018967 0 116480 0 134630 134630 0 0 0 0
:
:vdbench503_vdbench_data_for_swat303
:date 12162016-16:27:45.000 12162016-16:27:46.000
0 0 564 0 1987170 0 144384 0 42302 42302 0 0 0 0
:
:vdbench503_vdbench_data_for_swat303
:date 12162016-16:27:46.000 12162016-16:27:47.000
0 0 400 0 1999844 0 102400 0 62550 62550 0 0 0 0
:
:vdbench503_vdbench_data_for_swat303
:date 12162016-16:27:47.000 12162016-16:27:48.000
0 0 628 0 1998651 0 160768 0 43633 43633 0 0 0 0
:
:vdbench503_vdbench_data_for_swat303
:date 12162016-16:27:48.000 12162016-16:27:49.000
0 0 533 0 2012647 0 136448 0 104480 104480 0 0 0 0
:
:vdbench503_vdbench_data_for_swat303
:date 12162016-16:27:49.000 12162016-16:27:50.000
0 0 487 0 2075096 0 124672 0 69197 69197 0 0 0 0
:
:vdbench503_vdbench_data_for_swat303
:date 12162016-16:27:50.000 12162016-16:27:51.000
0 0 469 0 1922208 0 120064 0 63929 63929 0 0 0 0
:
:vdbench503_vdbench_data_for_swat303
:date 12162016-16:27:51.000 12162016-16:27:52.000
0 0 499 0 1985619 0 127744 0 30194 30194 0 0 0 0
:
:vdbench503_vdbench_data_for_swat303
:date 12162016-16:27:52.000 12162016-16:27:53.000
0 0 492 0 2015844 0 125952 0 71667 71667 0 0 0 0
:
:vdbench503_vdbench_data_for_swat303
:date 12162016-16:27:53.000 12162016-16:27:54.000
0 0 537 0 1998833 0 137472 0 71235 71235 0 0 0 0
:
:vdbench503_vdbench_data_for_swat303
:date 12162016-16:27:54.000 12162016-16:27:55.000
0 0 573 0 1988827 0 146688 0 30220 30220 0 0 0 0
:
:vdbench503_vdbench_data_for_swat303
:date 12162016-16:27:55.000 12162016-16:27:56.000
0 0 594 0 2004856 0 152064 0 65878 65878 0 0 0 0
:
:vdbench503_vdbench_data_for_swat303
:date 12162016-16:27:56.000 12162016-16:27:57.000
0 0 562 0 1991352 0 143872 0 62274 62274 0 0 0 0
:
:vdbench503_vdbench_data_for_swat303
:date 12162016-16:27:57.000 12162016-16:27:58.000
0 0 491 0 1975550 0 125696 0 48748 48748 0 0 0 0
:
:vdbench503_vdbench_data_for_swat303
:date 12162016-16:27:58.000 12162016-16:27:59.000
0 0 530 0 2019252 0 135680 0 29425 29425 0 0 0 0
:
:vdbench503_vdbench_data_for_swat303
:date 12162016-16:27:59.000 12162016-16:28:00.000
0 0 572 0 2002664 0 146432 0 55632 55632 0 0 0 0
:
:vdbench503_vdbench_data_for_swat303
:date 12162016-16:28:00.000 12162016-16:28:01.000
0 0 458 0 1999542 0 117248 0 29184 29184 0 0 0 0
:
:vdbench503_vdbench_data_for_swat303
:date 12162016-16:28:01.000 12162016-16:28:02.000
0 0 484 0 1994609 0 123904 0 85870 85870 0 0 0 0
:
:vdbench503_vdbench_data_for_swat303
:date 12162016-16:28:02.000 12162016-16:28:03.000
0 0 513 0 1998529 0 131328 0 29610 29610 0 0 0 0
:
:vdbench503_vdbench_data_for_swat303
:date 12162016-16:28:03.000 12162016-16:28:04.000
0 0 624 0 1986395 0 159744 0 81524 81524 0 0 0 0
:
:vdbench503_vdbench_data_for_swat303
:date 12162016-16:28:04.000 12162016-16:28:05.000
0 0 485 0 2019607 0 124160 0 50118 50118 0 0 0 0
:
:vdbench503_vdbench_data_for_swat303
:date 12162016-16:28:05.000 12162016-16:28:06.000
0 0 554 0 1969649 0 141824 0 29690 29690 0 0 0 0
:
:vdbench503_vdbench_data_for_swat303
:date 12162016-16:28:06.000 12162016-16:28:07.000
0 0 473 0 2024743 0 121088 0 49382 49382 0 0 0 0
:
:vdbench503_vdbench_data_for_swat303
:date 12162016-16:28:07.000 12162016-16:28:08.000
0 0 482 0 1983248 0 123392 0 63376 63376 0 0 0 0
:
:vdbench503_vdbench_data_for_swat303
:date 12162016-16:28:08.000 12162016-16:28:09.000
0 0 507 0 2014192 0 129792 0 54699 54699 0 0 0 0
:
:vdbench503_vdbench_data_for_swat303
:date 12162016-16:28:09.000 12162016-16:28:10.000
0 0 483 0 1988500 0 123648 0 48225 48225 0 0 0 0
:
:vdbench503_vdbench_data_for_swat303
:date 12162016-16:28:10.000 12162016-16:28:11.000
0 0 572 0 1998929 0 146432 0 29901 29901 0 0 0 0
:
:vdbench503_vdbench_data_for_swat303
:date 12162016-16:28:12.000 12162016-16:28:13.000
0 0 282 0 1712337 0 72192 0 113522 113522 0 0 0 0
:
:vdbench503_vdbench_data_for_swat303
:date 12162016-16:28:13.000 12162016-16:28:14.000
0 0 505 0 3048956 0 129280 0 94423 94423 0 0 0 0
:
:vdbench503_vdbench_data_for_swat303
:date 12162016-16:28:14.000 12162016-16:28:15.000
0 0 511 0 3000541 0 130816 0 111146 111146 0 0 0 0
:
:vdbench503_vdbench_data_for_swat303
:date 12162016-16:28:15.000 12162016-16:28:16.000
0 0 625 0 2963591 0 160000 0 72919 72919 0 0 0 0
:
:vdbench503_vdbench_data_for_swat303
:date 12162016-16:28:16.000 12162016-16:28:17.000
0 0 613 0 3025378 0 156928 0 134852 134852 0 0 0 0
:
:vdbench503_vdbench_data_for_swat303
:date 12162016-16:28:17.000 12162016-16:28:18.000
0 0 674 0 2989194 0 172544 0 162650 162650 0 0 0 0
:
:vdbench503_vdbench_data_for_swat303
:date 12162016-16:28:18.000 12162016-16:28:19.000
0 0 425 0 3004395 0 108800 0 141097 141097 0 0 0 0
:
:vdbench503_vdbench_data_for_swat303
:date 12162016-16:28:19.000 12162016-16:28:20.000
0 0 649 0 2996028 0 166144 0 83549 83549 0 0 0 0
:
:vdbench503_vdbench_data_for_swat303
:date 12162016-16:28:20.000 12162016-16:28:21.000
0 0 635 0 2971856 0 162560 0 88642 88642 0 0 0 0
:
:vdbench503_vdbench_data_for_swat303
:date 12162016-16:28:21.000 12162016-16:28:22.000
0 0 682 0 2965948 0 174592 0 73138 73138 0 0 0 0
:
:vdbench503_vdbench_data_for_swat303
:date 12162016-16:28:22.000 12162016-16:28:23.000
0 0 622 0 3057881 0 159232 0 94126 94126 0 0 0 0
:
:vdbench503_vdbench_data_for_swat303
:date 12162016-16:28:23.000 12162016-16:28:24.000
0 0 548 0 3001670 0 140288 0 120062 120062 0 0 0 0
:
:vdbench503_vdbench_data_for_swat303
:date 12162016-16:28:24.000 12162016-16:28:25.000
0 0 664 0 2979884 0 169984 0 104503 104503 0 0 0 0
:
:vdbench503_vdbench_data_for_swat303
:date 12162016-16:28:25.000 12162016-16:28:26.000
0 0 604 0 2994585 0 154624 0 82303 82303 0 0 0 0
:
:vdbench503_vdbench_data_for_swat303
:date 12162016-16:28:26.000 12162016-16:28:27.000
0 0 596 0 2996138 0 152576 0 105977 105977 0 0 0 0
:
:vdbench503_vdbench_data_for_swat303
:date 12162016-16:28:27.000 12162016-16:28:28.000
0 0 601 0 3028190 0 153856 0 85743 85743 0 0 0 0
:
:vdbench503_vdbench_data_for_swat303
:date 12162016-16:28:28.000 12162016-16:28:29.000
0 0 536 0 2983499 0 137216 0 91002 91002 0 0 0 0
:
:vdbench503_vdbench_data_for_swat303
:date 12162016-16:28:29.000 12162016-16:28:30.000
0 0 772 0 2962058 0 197632 0 76835 76835 0 0 0 0
:
:vdbench503_vdbench_data_for_swat303
:date 12162016-16:28:30.000 12162016-16:28:31.000
0 0 625 0 3038837 0 160000 0 130690 130690 0 0 0 0
:
:vdbench503_vdbench_data_for_swat303
:date 12162016-16:28:31.000 12162016-16:28:32.000
0 0 577 0 2976471 0 147712 0 104067 104067 0 0 0 0
:
:vdbench503_vdbench_data_for_swat303
:date 12162016-16:28:32.000 12162016-16:28:33.000
0 0 553 0 2982897 0 141568 0 100992 100992 0 0 0 0
:
:vdbench503_vdbench_data_for_swat303
:date 12162016-16:28:33.000 12162016-16:28:34.000
0 0 575 0 3041712 0 147200 0 79661 79661 0 0 0 0
:
:vdbench503_vdbench_data_for_swat303
:date 12162016-16:28:34.000 12162016-16:28:35.000
0 0 623 0 3086564 0 159488 0 101108 101108 0 0 0 0
:
:vdbench503_vdbench_data_for_swat303
:date 12162016-16:28:35.000 12162016-16:28:36.000
0 0 723 0 2917131 0 185088 0 68745 68745 0 0 0 0
:
:vdbench503_vdbench_data_for_swat303
:date 12162016-16:28:36.000 12162016-16:28:37.000
0 0 700 0 2979313 0 179200 0 77796 77796 0 0 0 0
:
:vdbench503_vdbench_data_for_swat303
:date 12162016-16:28:37.000 12162016-16:28:38.000
0 0 623 0 3018743 0 159488 0 126409 126409 0 0 0 0
:
:vdbench503_vdbench_data_for_swat303
:date 12162016-16:28:38.000 12162016-16:28:39.000
0 0 630 0 2959149 0 161280 0 104125 104125 0 0 0 0
:
:vdbench503_vdbench_data_for_swat303
:date 12162016-16:28:39.000 12162016-16:28:40.000
0 0 595 0 3014281 0 152320 0 106556 106556 0 0 0 0
:
:vdbench503_vdbench_data_for_swat303
:date 12162016-16:28:40.000 12162016-16:28:41.000
0 0 513 0 3029068 0 131328 0 108206 108206 0 0 0 0
:
:vdbench503_vdbench_data_for_swat303
:date 12162016-16:28:41.000 12162016-16:28:42.000
0 0 620 0 2976691 0 158720 0 101774 101774 0 0 0 0
:
:vdbench503_vdbench_data_for_swat303
:date 12162016-16:28:43.000 12162016-16:28:44.000
0 0 447 0 2692461 0 114432 0 117849 117849 0 0 0 0
:
:vdbench503_vdbench_data_for_swat303
:date 12162016-16:28:44.000 12162016-16:28:45.000
0 0 750 0 3988766 0 192000 0 134985 134985 0 0 0 0
:
:vdbench503_vdbench_data_for_swat303
:date 12162016-16:28:45.000 12162016-16:28:46.000
0 0 789 0 3979676 0 201984 0 123425 123425 0 0 0 0
:
:vdbench503_vdbench_data_for_swat303
:date 12162016-16:28:46.000 12162016-16:28:47.000
0 0 692 0 4054142 0 177152 0 127929 127929 0 0 0 0
:
:vdbench503_vdbench_data_for_swat303
:date 12162016-16:28:47.000 12162016-16:28:48.000
0 0 777 0 3864736 0 198912 0 163998 163998 0 0 0 0
:
:vdbench503_vdbench_data_for_swat303
:date 12162016-16:28:48.000 12162016-16:28:49.000
0 0 759 0 4052736 0 194304 0 127461 127461 0 0 0 0
:
:vdbench503_vdbench_data_for_swat303
:date 12162016-16:28:49.000 12162016-16:28:50.000
0 0 927 0 3958001 0 237312 0 124776 124776 0 0 0 0
:
:vdbench503_vdbench_data_for_swat303
:date 12162016-16:28:50.000 12162016-16:28:51.000
0 0 695 0 4112287 0 177920 0 133223 133223 0 0 0 0
:
:vdbench503_vdbench_data_for_swat303
:date 12162016-16:28:51.000 12162016-16:28:52.000
0 0 945 0 3992511 0 241920 0 129096 129096 0 0 0 0
:
:vdbench503_vdbench_data_for_swat303
:date 12162016-16:28:52.000 12162016-16:28:53.000
0 0 815 0 3908285 0 208640 0 123479 123479 0 0 0 0
:
:vdbench503_vdbench_data_for_swat303
:date 12162016-16:28:53.000 12162016-16:28:54.000
0 0 797 0 4095818 0 204032 0 150744 150744 0 0 0 0
:
:vdbench503_vdbench_data_for_swat303
:date 12162016-16:28:54.000 12162016-16:28:55.000
0 0 849 0 3864849 0 217344 0 127048 127048 0 0 0 0
:
:vdbench503_vdbench_data_for_swat303
:date 12162016-16:28:55.000 12162016-16:28:56.000
0 0 958 0 4149658 0 245248 0 156671 156671 0 0 0 0
:
:vdbench503_vdbench_data_for_swat303
:date 12162016-16:28:56.000 12162016-16:28:57.000
0 0 1052 0 3982238 0 269312 0 201904 201904 0 0 0 0
:
:vdbench503_vdbench_data_for_swat303
:date 12162016-16:28:57.000 12162016-16:28:58.000
0 0 1075 0 3993052 0 275200 0 162561 162561 0 0 0 0
:
:vdbench503_vdbench_data_for_swat303
:date 12162016-16:28:58.000 12162016-16:28:59.000
0 0 1220 0 3940492 0 312320 0 132193 132193 0 0 0 0
:
:vdbench503_vdbench_data_for_swat303
:date 12162016-16:28:59.000 12162016-16:29:00.000
0 0 547 0 4033868 0 140032 0 531268 531268 0 0 0 0
:
:vdbench503_vdbench_data_for_swat303
:date 12162016-16:29:00.000 12162016-16:29:01.000
0 0 1281 0 3994349 0 327936 0 161299 161299 0 0 0 0
:
:vdbench503_vdbench_data_for_swat303
:date 12162016-16:29:01.000 12162016-16:29:02.000
0 0 1191 0 3981790 0 304896 0 129935 129935 0 0 0 0
:
:vdbench503_vdbench_data_for_swat303
:date 12162016-16:29:02.000 12162016-16:29:03.000
0 0 1419 0 4025096 0 363264 0 193382 193382 0 0 0 0
:
:vdbench503_vdbench_data_for_swat303
:date 12162016-16:29:03.000 12162016-16:29:04.000
0 0 1300 0 4021560 0 332800 0 139478 139478 0 0 0 0
:
:vdbench503_vdbench_data_for_swat303
:date 12162016-16:29:04.000 12162016-16:29:05.000
0 0 1563 0 3984438 0 400128 0 108082 108082 0 0 0 0
:
:vdbench503_vdbench_data_for_swat303
:date 12162016-16:29:05.000 12162016-16:29:06.000
0 0 1541 0 4043277 0 394496 0 115307 115307 0 0 0 0
:
:vdbench503_vdbench_data_for_swat303
:date 12162016-16:29:06.000 12162016-16:29:07.000
0 0 1752 0 3858892 0 448512 0 152277 152277 0 0 0 0
:
:vdbench503_vdbench_data_for_swat303
:date 12162016-16:29:07.000 12162016-16:29:08.000
0 0 1825 0 4140516 0 467200 0 169895 169895 0 0 0 0
:
:vdbench503_vdbench_data_for_swat303
:date 12162016-16:29:08.000 12162016-16:29:09.000
0 0 1666 0 3945490 0 426496 0 325075 325075 0 0 0 0
:
:vdbench503_vdbench_data_for_swat303
:date 12162016-16:29:09.000 12162016-16:29:10.000
0 0 1824 0 4061441 0 466944 0 111734 111734 0 0 0 0
:
:vdbench503_vdbench_data_for_swat303
:date 12162016-16:29:10.000 12162016-16:29:11.000
0 0 2420 0 3917759 0 619520 0 151322 151322 0 0 0 0
:
:vdbench503_vdbench_data_for_swat303
:date 12162016-16:29:11.000 12162016-16:29:12.000
0 0 2700 0 4040128 0 691200 0 104266 104266 0 0 0 0
:
:vdbench503_vdbench_data_for_swat303
:date 12162016-16:29:12.000 12162016-16:29:13.000
0 0 3006 0 3992933 0 769536 0 138363 138363 0 0 0 0
