19:06:27.002         1   11556.00    45.14    4096 100.00    0.449    0.449    0.000   21.498    1.011   5.2   5.3   1.0
19:06:28.041         2   19164.00    74.86    4096 100.00    0.413    0.413    0.000   13.367    0.818   7.9   4.8   1.3
19:06:29.041         3   17028.00    66.52    4096 100.00    0.468    0.468    0.000   40.547    1.403   8.0   5.8   1.5
19:06:30.041         4   15744.00    61.50    4096 100.00    0.506    0.506    0.000   72.445    2.303   8.0   4.3   1.3
19:06:31.041         5   18208.00    71.13    4096 100.00    0.437    0.437    0.000    3.318    0.802   8.0   5.3   2.5
19:06:32.041         6   21312.00    83.25    4096 100.00    0.373    0.373    0.000   12.696    0.722   7.9   4.9   1.8
19:06:33.041         7   18752.00    73.25    4096 100.00    0.423    0.423    0.000   13.447    0.837   8.0   9.6   2.3
19:06:34.041         8   13404.00    52.36    4096 100.00    0.593    0.593    0.000  193.512    4.904   8.0  20.8   2.5
19:06:35.041         9   19891.00    77.70    4096 100.00    0.403    0.403    0.000   16.592    0.812   8.0  22.6   3.0
19:06:36.041        10   17841.00    69.69    4096 100.00    0.447    0.447    0.000  171.138    3.851   8.0  28.3   3.8
19:06:37.041        11   16704.00    65.25    4096 100.00    0.476    0.476    0.000   13.865    0.927   8.0   5.4   1.8
19:06:38.041        12   17792.00    69.50    4096 100.00    0.448    0.448    0.000   12.700    0.878   8.0   4.3   1.0
19:06:39.041        13   18048.00    70.50    4096 100.00    0.441    0.441    0.000   12.843    0.863   8.0   7.5   3.3
19:06:40.041        14   16512.00    64.50    4096 100.00    0.482    0.482    0.000   82.132    2.036   8.0   5.6   1.5
19:06:41.041        15   14784.00    57.75    4096 100.00    0.538    0.538    0.000  157.054    4.320   8.0   3.8   1.3
19:06:42.041        16   13729.00    53.63    4096 100.00    0.581    0.581    0.000  185.638    4.737   8.0   5.8   2.3
19:06:43.041        17   17312.00    67.63    4096 100.00    0.461    0.461    0.000   14.883    0.953   8.0   4.6   2.1
19:06:44.041        18   19360.00    75.63    4096 100.00    0.411    0.411    0.000   12.739    0.810   8.0   6.3   2.8
19:06:45.041        19   19549.00    76.36    4096 100.00    0.407    0.407    0.000   10.043    0.768   8.0   4.6   1.5
19:06:46.041        20   17187.00    67.14    4096 100.00    0.464    0.464    0.000    6.166    0.850   8.0   4.6   1.8
19:06:47.041        21   16416.00    64.13    4096 100.00    0.486    0.486    0.000  178.870    4.071   8.0   4.1   1.3
19:06:48.041        22   18464.00    72.13    4096 100.00    0.430    0.430    0.000   11.502    0.824   7.9   5.9   3.1
19:06:49.041        23   16288.00    63.63    4096 100.00    0.488    0.488    0.000  141.628    3.348   8.0   6.3   2.5
19:06:50.041        24   12888.00    50.34    4096 100.00    0.621    0.621    0.000  172.545    4.675   8.0  17.9   3.3
19:06:51.041        25   17632.00    68.88    4096 100.00    0.451    0.451    0.000   12.005    0.858   8.0   5.8   3.0
19:06:52.041        26   17120.00    66.88    4096 100.00    0.465    0.465    0.000    3.406    0.851   8.0   5.1   1.8
19:06:53.041        27   17147.00    66.98    4096 100.00    0.464    0.464    0.000  178.068    3.967   8.0  19.5   4.0
19:06:54.041        28   18080.00    70.63    4096 100.00    0.441    0.441    0.000   13.535    0.857   8.0   4.8   2.0
19:06:55.041        29   18208.00    71.13    4096 100.00    0.436    0.436    0.000   13.859    0.858   8.0   3.6   1.3
19:06:56.042        30   20928.00    81.75    4096 100.00    0.381    0.381    0.000    9.478    0.735   8.0   5.6   2.5
19:06:56.044        31   17430.76    68.09    4096 100.00    0.457    0.457    0.000  193.512    2.266   8.0   8.2   2.2