19:06:58.003         1   27831.00   108.71    4096  67.06    0.184    0.003    0.550  135.816    3.594   5.3   5.6   1.9
19:06:59.713         2     606.00     2.37    4096  68.65    6.001    3.482   11.517 1665.415   89.891  13.4   1.1   0.2
19:07:00.042         3   14679.00    57.34    4096  66.76    0.708    0.002    2.124 1666.339   33.511   2.6   8.6   2.3
19:07:01.041         4    8780.00    34.30    4096  66.51    1.135    0.002    3.385  495.515   15.574   8.0   3.1   0.3
19:07:02.042         5    8991.00    35.12    4096  66.88    0.854    0.002    2.574  246.961    9.987   8.0   2.1   0.3
19:07:03.041         6    8838.00    34.52    4096  66.28    0.896    0.002    2.653  187.810    9.479   8.0   2.3   0.3
19:07:04.041         7    1991.00     7.78    4096  67.81    1.044    0.002    3.239  123.461   10.198   8.0   1.5   0.3
19:07:05.631         8       0.00     0.00       0   0.00    0.000    0.000    0.000    0.000    0.000   8.3   1.4   0.2
19:07:06.002         9   21313.00    83.25    4096  66.91    0.994    0.165    2.669 2470.843   47.357   7.6   4.0   1.8
19:07:07.041        10    8817.00    34.44    4096  66.38    0.980    0.002    2.912  412.500   14.158   8.0   1.5   0.0
19:07:08.042        11    9216.00    36.00    4096  66.62    0.888    0.002    2.659  355.880   12.706   8.3   1.7   0.5
19:07:09.041        12    1311.00     5.12    4096  66.13    2.136    0.002    6.304  406.956   21.699   7.7   1.6   0.3
19:07:10.002        13   14172.00    55.36    4096  66.61    0.839    0.106    2.300 1383.874   30.414   8.0   2.8   1.3
19:07:11.041        14    9800.00    38.28    4096  66.94    0.978    0.002    2.954  415.392   14.738   8.0   2.5   0.8
19:07:12.041        15    9506.00    37.13    4096  66.68    0.808    0.002    2.420  397.747   12.333   8.0   1.6   0.3
19:07:13.041        16    6201.00    24.22    4096  66.67    1.147    0.002    3.436  226.425   14.955   8.0   1.8   0.3
19:07:14.041        17    5516.00    21.55    4096  67.78    0.920    0.002    2.854  488.777   13.370   8.0   2.0   0.3
19:07:15.003        18   10932.00    42.70    4096  67.27    0.933    0.095    2.656 1179.833   30.101   8.0   4.1   1.0
19:07:16.041        19    9418.00    36.79    4096  67.11    1.003    0.003    3.043  407.841   16.007   8.0  10.4   0.3
19:07:17.041        20   10659.00    41.64    4096  66.97    0.767    0.002    2.318  223.775   11.645   8.0   2.3   0.5
19:07:18.041        21    7258.00    28.35    4096  67.51    0.984    0.003    3.022  407.887   15.780   8.0   3.0   0.8
19:07:19.041        22    8175.00    31.93    4096  66.74    0.974    0.002    2.924  223.423   13.142   8.0   3.6   0.8
19:07:20.003        23    6070.00    23.71    4096  67.38    1.456    0.002    4.459  615.259   26.222   8.0   2.8   0.8
19:07:21.041        24    7871.00    30.75    4096  66.42    0.866    0.002    2.575  407.024   14.399   8.0   2.0   0.3
19:07:22.041        25    9990.00    39.02    4096  67.10    0.937    0.002    2.843  415.858   14.052   8.0   4.4   0.3
19:07:23.041        26    7935.00    31.00    4096  67.60    0.809    0.002    2.493  223.990   11.714   8.0   6.1   1.0
19:07:24.041        27    9796.00    38.27    4096  66.53    0.932    0.002    2.781  222.540   13.155   8.0   2.1   0.3
19:07:25.041        28    8331.00    32.54    4096  67.40    0.867    0.059    2.539  407.827   15.138   8.0   3.1   0.8
19:07:26.041        29    7370.00    28.79    4096  66.95    1.195    0.002    3.613  415.853   18.468   8.0   1.8   0.0
19:07:27.042        30    8365.00    32.68    4096  67.62    0.831    0.002    2.561  221.763   12.826   8.0   2.3   0.5
19:07:27.047        31    8341.62    32.58    4096  66.92    0.952    0.038    2.802 2470.843   23.136   8.0   2.8   0.5