19:07:29.002         1   10797.00    42.18    4096  50.09    0.417    0.003    0.833  224.022    8.250   5.5   3.8   1.0
19:07:30.361         2    2972.00    11.61    4096  49.02    2.620    0.002    5.138 1008.099   35.926  10.6   2.1   0.4
19:07:31.041         3   11152.00    43.56    4096  51.16    0.721    0.002    1.475  810.040   19.465   5.4   3.4   0.8
19:07:32.041         4    8517.00    33.27    4096  49.75    0.920    0.002    1.829  227.719   13.001   8.0   3.0   1.3
19:07:33.041         5   10339.00    40.39    4096  50.38    0.886    0.002    1.784  423.840   13.642   8.0   1.8   0.3
19:07:34.041         6    8288.00    32.38    4096  50.23    0.974    0.002    1.956  227.363   13.224   8.0   1.5   0.3
19:07:35.041         7    5478.00    21.40    4096  49.40    1.065    0.001    2.103  419.492   15.705   8.0   1.3   0.3
19:07:36.180         8       0.00     0.00       0   0.00    0.000    0.000    0.000    0.000    0.000   8.3   1.2   0.0
19:07:37.002         9   14522.00    56.73    4096  49.51    0.871    0.180    1.549 1482.753   34.228   3.2   4.2   1.8
19:07:38.041        10    8834.00    34.51    4096  50.17    0.867    0.002    1.738  239.783   12.982   8.0   2.0   0.5
19:07:39.041        11    8754.00    34.20    4096  51.69    0.931    0.002    1.925  220.033   12.613   8.0   1.5   0.0
19:07:40.041        12    8011.00    31.29    4096  48.91    1.080    0.002    2.112  230.361   13.406   8.0   2.3   0.8
19:07:41.041        13    5994.00    23.41    4096  49.45    1.267    0.359    2.155  740.013   25.405   8.0   2.3   0.8
19:07:42.041        14    8199.00    32.03    4096  50.04    0.953    0.002    1.906  403.977   14.708   8.0   2.3   0.3
19:07:43.040        15    8010.00    31.29    4096  49.50    1.128    0.001    2.232  397.222   15.719   8.0   4.1   0.5
19:07:44.041        16    5878.00    22.96    4096  49.66    1.124    0.002    2.230  403.455   15.241   8.0   2.3   0.3
19:07:45.041        17    8634.00    33.73    4096  50.46    1.098    0.002    2.215  222.529   13.670   8.0   2.3   0.5
19:07:46.041        18     722.00     2.82    4096  52.91    0.859    0.002    1.822  191.632    7.950   8.0   1.3   0.0
19:07:47.002        19   10738.00    41.95    4096  49.79    1.397    0.002    2.779 1126.441   32.401   8.0   3.0   0.8
19:07:48.002        20    7534.00    29.43    4096  50.04    1.066    0.002    2.133  223.830   13.554   8.0   1.8   0.5
19:07:49.041        21    7089.00    27.69    4096  49.70    0.963    0.002    1.913  311.931   15.228   8.0   2.5   0.8
19:07:50.041        22   10538.00    41.16    4096  49.92    0.886    0.002    1.767  223.232   12.813   8.0   2.6   0.8
19:07:51.041        23     143.00     0.56    4096  37.76    5.029    0.001    8.079  369.643   35.135   8.0   1.5   0.3
19:07:52.002        24   14466.00    56.51    4096  50.06    1.054    0.002    2.108 1200.472   28.076   8.0   2.8   1.0
19:07:53.041        25    7654.00    29.90    4096  49.61    1.014    0.003    2.010  215.958   12.923   8.3   2.0   0.5
19:07:54.041        26    7082.00    27.66    4096  50.42    1.092    0.002    2.200  231.699   13.731   7.7   2.4   0.8
19:07:55.041        27    7454.00    29.12    4096  51.03    1.144    0.002    2.335  375.068   14.384   8.0   2.8   1.0
19:07:56.293        28    1793.00     7.00    4096  51.14    2.117    0.019    4.312  235.333   20.346   3.7   2.3   0.8
19:07:57.002        29    9054.00    35.37    4096  49.79    0.505    0.002    1.004  399.665   11.728   5.6   3.0   0.8
19:07:58.043        30    7299.00    28.51    4096  49.29    1.031    0.002    2.031  379.554   13.449   8.0   1.8   0.3
19:07:58.050        31    7418.90    28.98    4096  50.02    1.023    0.024    2.023 1482.753   19.438   7.6   2.3   0.6