19:08:00.002         1   10773.00    42.08    4096  33.18    0.392    0.002    0.585  387.711    8.747   4.7   3.7   0.9
19:08:01.245         2    7852.00    30.67    4096  33.46    0.998    0.149    1.425  406.299   15.582   9.6   3.0   0.6
19:08:02.041         3    6622.00    25.87    4096  33.81    1.290    0.001    1.948  415.449   18.363   6.4   3.2   1.0
19:08:03.041         4    8027.00    31.36    4096  32.25    0.808    0.002    1.192  358.021   12.436   8.0   2.8   0.5
19:08:04.040         5    7793.00    30.44    4096  33.16    1.110    0.002    1.659  386.561   14.712   8.0   3.8   0.5
19:08:05.041         6    8443.00    32.98    4096  32.93    1.039    0.002    1.548  371.922   14.755   8.0   2.0   0.5
19:08:06.041         7    4294.00    16.77    4096  33.12    0.990    0.001    1.479  333.651   12.574   8.0   2.8   1.3
19:08:07.003         8    6737.00    26.32    4096  33.41    1.665    0.304    2.347  855.558   32.937   8.0   3.3   0.8
19:08:08.003         9    8854.00    34.59    4096  33.72    0.851    0.001    1.284  351.963   12.948   8.0   1.8   0.3
19:08:09.041        10    7037.00    27.49    4096  33.04    1.081    0.001    1.614  338.921   15.887   8.0   2.0   0.0
19:08:10.040        11    9241.00    36.10    4096  33.15    0.868    0.002    1.297  331.252   13.115   8.0   5.6   0.8
19:08:11.040        12    4684.00    18.30    4096  33.95    1.312    0.002    1.985  396.393   16.206   8.0  16.6   0.8
19:08:12.002        13    8025.00    31.35    4096  32.52    1.103    0.003    1.633 1130.979   32.580   8.0   3.8   0.8
19:08:13.041        14    9056.00    35.38    4096  33.58    1.056    0.002    1.589  507.648   16.640   8.0   1.8   0.3
19:08:14.041        15    8805.00    34.39    4096  33.22    0.922    0.002    1.380  191.312   11.237   8.0   2.1   0.3
19:08:15.041        16    6929.00    27.07    4096  33.22    1.147    0.001    1.717  296.038   13.678   8.0   3.1   0.5
19:08:16.041        17    6248.00    24.41    4096  33.00    1.013    0.002    1.511  195.002   11.681   8.0   1.8   0.3
19:08:17.002        18    4934.00    19.27    4096  34.27    1.955    0.002    2.973  511.552   27.351   8.0   1.5   0.0
19:08:18.040        19    7277.00    28.43    4096  32.53    1.167    0.002    1.729  390.128   16.966   8.0   2.3   0.5
19:08:19.041        20    8305.00    32.44    4096  33.10    0.908    0.002    1.356  234.876   11.395   8.0   2.1   0.3
19:08:20.041        21    9821.00    38.36    4096  33.04    0.800    0.002    1.194  267.362   10.357   8.0   2.6   0.8
19:08:21.040        22    8011.00    31.29    4096  32.33    0.999    0.002    1.476  447.293   14.614   8.0   2.1   0.0
19:08:22.041        23    7154.00    27.95    4096  32.68    0.964    0.001    1.432  576.984   19.686   8.0   2.5   1.0
19:08:23.041        24    7166.00    27.99    4096  32.38    1.312    0.002    1.939  467.861   17.366   8.0   5.1   1.0
19:08:24.041        25    8153.00    31.85    4096  33.24    0.941    0.002    1.409  283.524   12.001   8.0   7.7   0.8
19:08:25.040        26    5884.00    22.98    4096  32.04    1.304    0.002    1.918  318.643   15.637   8.0   3.0   0.3
19:08:26.041        27    8343.00    32.59    4096  32.84    1.059    0.002    1.576  287.198   12.931   8.0   2.8   0.8
19:08:27.040        28     297.00     1.16    4096  34.68    3.482    0.001    5.330  162.658   22.153   8.0   1.8   0.3
19:08:28.002        29   13172.00    51.45    4096  32.68    1.132    0.438    1.469 1151.461   28.363   8.0   2.6   0.8
19:08:29.042        30    7560.00    29.53    4096  33.60    0.903    0.002    1.359  183.467   11.358   8.0   2.0   0.5
19:08:29.049        31    7404.28    28.92    4096  33.06    1.074    0.043    1.583 1151.461   17.737   8.0   3.4   0.5