19:08:31.003         1   11497.00    44.91    4096   0.00    0.393    0.000    0.393  171.201    5.136   4.7   6.9   1.0
19:08:32.053         2   14456.00    56.47    4096   0.00    0.563    0.000    0.563  419.818    9.263   8.1   3.6   1.0
19:08:33.041         3   18138.00    70.85    4096   0.00    0.440    0.000    0.440  125.463    5.063   7.9   3.7   0.5
19:08:34.041         4   16338.00    63.82    4096   0.00    0.488    0.000    0.488  134.443    5.056   8.0   2.9   0.8
19:08:35.041         5   17179.00    67.11    4096   0.00    0.448    0.000    0.448   90.873    4.575   8.0   2.6   0.5
19:08:36.041         6   18346.00    71.66    4096   0.00    0.437    0.000    0.437  169.759    5.282   8.0   2.9   1.1
19:08:37.041         7   12981.00    50.71    4096   0.00    0.591    0.000    0.591  421.469   10.162   7.7   2.8   0.5
19:08:38.042         8   15714.00    61.38    4096   0.00    0.465    0.000    0.465  155.192    5.403   8.3   2.3   0.5
19:08:39.041         9   16020.00    62.58    4096   0.00    0.551    0.000    0.551  175.787    6.423   7.7   3.3   1.1
19:08:40.042        10   18631.00    72.78    4096   0.00    0.415    0.000    0.415  119.249    4.403   7.9   2.7   0.8
19:08:41.041        11   18737.00    73.19    4096   0.00    0.418    0.000    0.418  106.274    4.232   8.0   2.9   0.8
19:08:42.041        12   11757.00    45.93    4096   0.00    0.682    0.000    0.682  258.131    8.209   8.0   2.6   0.3
19:08:43.041        13   14635.00    57.17    4096   0.00    0.546    0.000    0.546  170.874    5.916   7.9   3.4   1.0
19:08:44.041        14   16388.00    64.02    4096   0.00    0.493    0.000    0.493  127.575    5.128   7.9   2.9   1.0
19:08:45.041        15   12464.00    48.69    4096   0.00    0.631    0.000    0.631  260.984    8.734   7.9   2.6   0.8
19:08:46.041        16   12472.00    48.72    4096   0.00    0.617    0.000    0.617  207.297    7.675   8.0   3.1   1.0
19:08:47.001        17   17190.00    67.15    4096   0.00    0.487    0.000    0.487  131.783    5.388   8.0   3.5   1.1
19:08:48.041        18   16244.00    63.45    4096   0.00    0.485    0.000    0.485  119.357    4.949   8.0   4.2   2.1
19:08:49.041        19   16335.00    63.81    4096   0.00    0.494    0.000    0.494  131.817    4.928   8.0   3.5   1.6
19:08:50.041        20   19577.00    76.47    4096   0.00    0.396    0.000    0.396   98.180    4.343   7.9   4.2   1.9
19:08:51.042        21   11469.00    44.80    4096   0.00    0.697    0.000    0.697  323.563   10.029   8.0   2.9   0.5
19:08:52.041        22   17223.00    67.28    4096   0.00    0.471    0.000    0.471  145.142    5.249   8.0   3.2   1.1
19:08:53.041        23   16950.00    66.21    4096   0.00    0.462    0.000    0.462   81.697    4.623   8.0   4.7   2.1
19:08:54.041        24   16301.00    63.68    4096   0.00    0.498    0.000    0.498   99.436    5.350   8.0   4.5   2.4
19:08:55.041        25   18100.00    70.70    4096   0.00    0.431    0.000    0.431   90.987    3.959   7.9   3.0   0.8
19:08:56.041        26   13421.00    52.43    4096   0.00    0.584    0.000    0.584  133.076    6.132   8.0   3.6   1.3
19:08:57.003        27   15771.00    61.61    4096   0.00    0.520    0.000    0.520  163.919    5.577   8.0   3.2   1.3
19:08:58.041        28   16827.00    65.73    4096   0.00    0.457    0.000    0.457  136.154    4.999   7.9   4.2   1.6
19:08:59.041        29   16599.00    64.84    4096   0.00    0.479    0.000    0.479  126.396    5.334   8.0   3.7   1.6
19:09:00.041        30   17313.00    67.63    4096   0.00    0.471    0.000    0.471  139.678    5.113   8.0   4.8   0.5
19:09:00.045        31   15985.38    62.44    4096   0.00    0.497    0.000    0.497  421.469    5.933   7.9   3.4   1.1