19:13:11.004         1     422.00     1.65    4096 100.00   13.065   13.065    0.000  138.446   23.202   5.7   4.0   0.7
19:13:12.042         2     629.00     2.46    4096 100.00   12.533   12.533    0.000  134.647   21.304   8.0   2.8   0.8
19:13:13.042         3     497.00     1.94    4096 100.00   15.151   15.151    0.000  286.526   32.163   7.8   1.8   0.0
19:13:14.042         4     639.00     2.50    4096 100.00   12.963   12.963    0.000  304.411   24.213   8.0   2.3   0.5
19:13:15.042         5     653.00     2.55    4096 100.00   12.183   12.183    0.000  159.553   21.519   8.0   2.3   0.0
19:13:16.041         6     518.00     2.02    4096 100.00   15.593   15.593    0.000  383.509   33.160   8.0   2.0   0.5
19:13:17.042         7     690.00     2.70    4096 100.00   11.417   11.417    0.000  184.866   23.397   8.0   2.3   0.8
19:13:18.041         8     664.00     2.59    4096 100.00   12.195   12.195    0.000  170.639   23.508   8.0   2.5   0.3
19:13:19.041         9     621.00     2.43    4096 100.00   12.782   12.782    0.000  241.364   25.356   8.0   2.3   0.8
19:13:20.041        10     648.00     2.53    4096 100.00   12.504   12.504    0.000  181.565   23.085   8.0   1.8   0.5
19:13:21.042        11     644.00     2.52    4096 100.00   12.456   12.456    0.000  161.022   21.730   8.0   2.3   0.3
19:13:22.041        12     559.00     2.18    4096 100.00   14.059   14.059    0.000  189.132   25.729   8.0   2.5   0.5
19:13:23.042        13     625.00     2.44    4096 100.00   12.835   12.835    0.000  199.236   23.126   8.0   2.0   0.3
19:13:24.042        14     671.00     2.62    4096 100.00   11.887   11.887    0.000  157.157   20.822   8.0   2.3   0.3
19:13:25.042        15     607.00     2.37    4096 100.00   13.243   13.243    0.000  167.512   23.212   8.0   2.3   0.3
19:13:26.041        16     620.00     2.42    4096 100.00   12.945   12.945    0.000  180.636   23.207   8.0   2.3   0.8
19:13:27.041        17     524.00     2.05    4096 100.00   15.078   15.078    0.000  241.617   28.460   8.0   2.0   0.0
19:13:28.041        18     506.00     1.98    4096 100.00   15.915   15.915    0.000  213.247   31.207   8.0   1.5   0.0
19:13:29.041        19     611.00     2.39    4096 100.00   12.815   12.815    0.000  171.474   22.573   8.0   2.8   0.8
19:13:30.042        20     684.00     2.67    4096 100.00   11.810   11.810    0.000  242.323   26.291   8.0   2.3   0.5
19:13:31.042        21     666.00     2.60    4096 100.00   12.265   12.265    0.000  175.494   23.847   8.0   3.0   0.8
19:13:32.041        22     591.00     2.31    4096 100.00   13.278   13.278    0.000  203.679   26.350   8.0   2.5   0.5
19:13:33.042        23     665.00     2.60    4096 100.00   12.093   12.093    0.000  163.997   21.160   8.0   2.5   0.5
19:13:34.041        24     486.00     1.90    4096 100.00   16.288   16.288    0.000  263.509   30.448   8.0   2.0   0.5
19:13:35.041        25     698.00     2.73    4096 100.00   11.664   11.664    0.000  143.207   21.906   8.0   1.8   0.0
19:13:36.042        26     625.00     2.44    4096 100.00   12.743   12.743    0.000  147.826   21.292   8.0   2.0   0.5
19:13:37.041        27     574.00     2.24    4096 100.00   13.948   13.948    0.000  192.832   24.740   8.0   3.0   0.0
19:13:38.041        28     592.00     2.31    4096 100.00   13.537   13.537    0.000  198.075   24.840   8.0   2.0   0.3
19:13:39.041        29     650.00     2.54    4096 100.00   12.404   12.404    0.000  154.797   22.997   8.0   2.0   0.3
19:13:40.042        30     585.00     2.29    4096 100.00   13.753   13.753    0.000  215.551   30.639   8.0   2.3   0.5
19:13:40.045        31     611.79     2.39    4096 100.00   13.063   13.063    0.000  383.509   24.867   8.0   2.2   0.4