19:13:42.004         1     475.00     1.86    4096  69.89    9.505   13.595    0.010  141.345   21.554   4.7   3.8   0.5
19:13:43.041         2     914.00     3.57    4096  64.99    8.472   13.031    0.009  157.318   19.262   8.0   3.8   0.8
19:13:44.041         3     961.00     3.75    4096  65.04    8.629   13.264    0.008  142.325   20.653   8.0   2.3   0.8
19:13:45.042         4     956.00     3.73    4096  68.10    8.320   12.214    0.008  193.701   20.484   8.0   2.5   0.8
19:13:46.041         5     710.00     2.77    4096  67.32   11.353   16.859    0.009  214.318   30.935   8.0   2.3   0.5
19:13:47.041         6     976.00     3.81    4096  65.78    8.078   12.276    0.008  185.939   18.539   8.0   3.5   1.5
19:13:48.041         7     958.00     3.74    4096  66.70    8.462   12.682    0.009  217.296   20.856   8.0   2.5   1.0
19:13:49.041         8     940.00     3.67    4096  68.83    8.321   12.085    0.009  248.726   19.465   8.0   2.3   0.3
19:13:50.041         9     911.00     3.56    4096  67.62    9.016   13.330    0.009  182.007   21.415   8.0   2.3   0.5
19:13:51.041        10     777.00     3.04    4096  64.61   10.240   15.844    0.009  175.266   23.229   8.0   2.3   0.3
19:13:52.041        11     305.00     1.19    4096  67.21    9.203   13.688    0.009  186.026   21.895   8.0   2.0   0.5
19:13:53.042        12       0.00     0.00       0   0.00    0.000    0.000    0.000    0.000    0.000   8.3   1.9   0.2
19:13:54.041        13      39.00     0.15    4096  64.10  429.911  670.654    0.012 2192.744  857.764   7.7   2.3   0.3
19:13:55.042        14     347.00     1.36    4096  65.71   35.214   53.588    0.011 1004.899  139.267   8.0   1.8   0.3
19:13:56.041        15     501.00     1.96    4096  67.47   16.254   24.088    0.010  302.066   44.965   8.0   1.5   0.0
19:13:57.041        16     934.00     3.65    4096  66.17    8.639   13.052    0.009  135.366   20.250   8.0   2.5   0.5
19:13:58.041        17     935.00     3.65    4096  66.74    8.462   12.675    0.009  255.360   20.252   8.0   2.8   0.8
19:13:59.041        18     303.00     1.18    4096  68.65    9.512   13.852    0.009  134.875   21.940   8.0   2.0   0.3
19:14:00.041        19       0.00     0.00       0   0.00    0.000    0.000    0.000    0.000    0.000   8.0   1.3   0.0
19:14:01.041        20       9.00     0.04    4096 100.00 1399.044 1399.044    0.000 2163.610 1050.189   8.0   3.5   0.5
19:14:02.002        21      55.00     0.21    4096  61.82  292.481  412.609   97.988 2821.208  591.875   8.0   1.5   0.0
19:14:03.041        22       2.00     0.01    4096 100.00  132.239  132.239    0.000  134.074    2.595   8.0   2.0   0.0
19:14:04.041        23       0.00     0.00       0   0.00    0.000    0.000    0.000    0.000    0.000   8.0   1.7   0.5
19:14:05.041        24      33.00     0.13    4096  60.61  546.196  901.216    0.010 2346.285  980.877   8.0   1.5   0.0
19:14:06.041        25       0.00     0.00       0   0.00    0.000    0.000    0.000    0.000    0.000   8.0   2.5   0.0
19:14:07.996        26      11.00     0.04    4096 100.00 1281.012 1281.012    0.000 2485.599 1228.055   8.3   1.2   0.0
19:14:08.037        27      22.00     0.09    4096  63.64  648.666  845.566  304.092 3245.912  948.591   8.0   1.8   0.0
19:14:09.041        28     139.00     0.54    4096  67.63   70.695  104.533    0.010 1506.406  221.827   7.7   2.9   0.0
19:14:10.041        29     866.00     3.38    4096  67.78    9.069   13.375    0.009  134.048   20.099   8.0   2.8   0.8
19:14:11.042        30     933.00     3.64    4096  67.42    8.791   13.036    0.009  149.951   18.701   8.0   2.5   0.5
19:14:11.046        31     466.79     1.82    4096  66.78   17.141   25.167    1.008 3245.912  123.201   8.0   2.3   0.4