19:14:13.004         1     587.00     2.29    4096  49.74    8.979   18.040    0.009  152.020   22.712   5.6   3.3   0.3
19:14:14.041         2    1056.00     4.13    4096  51.14    7.661   14.975    0.008  235.078   21.777   8.0   2.5   1.0
19:14:15.041         3    1142.00     4.46    4096  49.30    6.841   13.868    0.008  166.041   18.187   8.0   2.5   0.8
19:14:16.041         4    1293.00     5.05    4096  49.81    6.353   12.748    0.007  176.886   17.832   8.0   2.5   0.8
19:14:17.041         5     534.00     2.09    4096  55.24    8.230   14.891    0.008  176.279   20.636   8.0   2.0   0.3
19:14:18.041         6       0.00     0.00       0   0.00    0.000    0.000    0.000    0.000    0.000   8.0   1.3   0.0
19:14:19.419         7      42.00     0.16    4096  47.62  462.673  888.008   76.005 2489.371  872.597   8.3   1.5   0.0
19:14:20.002         8      32.00     0.13    4096  46.88  119.390  254.689    0.008  711.872  214.912   7.7   1.8   0.3
19:14:21.041         9     772.00     3.02    4096  47.02   16.015   34.051    0.008  949.104   95.007   8.0   1.5   0.3
19:14:22.041        10    1166.00     4.55    4096  50.60    6.887   13.602    0.008  196.935   19.049   8.0   2.8   0.8
19:14:23.041        11      70.00     0.27    4096  47.14    3.940    8.349    0.007   53.851    9.638   8.0   1.5   0.3
19:14:24.041        12       1.00     0.00    4096 100.00 2011.905 2011.905    0.000 2011.905    0.000   8.0   2.0   0.7
19:14:29.505        13       6.00     0.02    4096 100.00 2105.084 2105.084    0.000 2175.675   54.408   8.3   1.7   0.5
19:14:29.506        14       0.00     0.00       0   0.00    0.000    0.000    0.000    0.000    0.000   8.0   0.3   0.0
19:14:29.507        15       7.00     0.03    4096 100.00  985.500  985.500    0.000 2358.702 1230.457   8.0   0.8   0.3
19:14:29.508        16       0.00     0.00       0   0.00    0.000    0.000    0.000    0.000    0.000   8.0   0.3   0.0
19:14:29.509        17       0.00     0.00       0   0.00    0.000    0.000    0.000    0.000    0.000   8.0   0.8   0.0
19:14:30.002        18      32.00     0.13    4096  25.00 1198.001  935.297 1285.568 7482.361 2234.251   7.7   1.8   0.0
19:14:31.041        19      69.00     0.27    4096  55.07  165.162  293.105    8.329 1061.722  343.343   8.0   1.5   0.5
19:14:32.041        20     445.00     1.74    4096  46.97   18.555   39.499    0.008  680.277   91.014   8.0   1.8   0.3
19:14:33.041        21    1150.00     4.49    4096  53.04    7.076   13.332    0.008  160.007   18.088   8.0   2.8   0.8
19:14:34.041        22    1195.00     4.67    4096  49.46    6.559   13.254    0.008  151.562   17.663   8.0   2.5   0.8
19:14:35.040        23    1297.00     5.07    4096  51.20    6.300   12.298    0.007  153.535   16.796   8.0   2.8   0.3
19:14:36.041        24     971.00     3.79    4096  48.09    8.118   16.496    0.355  165.699   20.595   8.0   2.0   0.3
19:14:37.041        25     821.00     3.21    4096  51.40    6.696   13.020    0.008  146.028   17.316   8.0   2.3   0.3
19:14:38.041        26       0.00     0.00       0   0.00    0.000    0.000    0.000    0.000    0.000   8.3   1.2   0.0
19:14:39.040        27      22.00     0.09    4096  59.09  766.634 1297.373    0.012 2199.859 1038.663   7.7   1.3   0.0
19:14:40.041        28     501.00     1.96    4096  50.50   19.017   37.651    0.008  818.942   91.781   8.0   2.3   0.5
19:14:41.041        29     695.00     2.71    4096  51.08    9.974   19.519    0.008  200.902   27.339   8.0   2.0   0.5
19:14:42.043        30     781.00     3.05    4096  50.96   11.902   23.347    0.008  457.307   43.377   8.0   2.3   0.5
19:14:42.048        31     486.21     1.90    4096  50.39   16.462   28.022    4.720 7482.361  158.176   8.0   1.8   0.4