19:14:44.003         1      53.00     0.21    4096  22.64    0.007    0.003    0.008    0.039    0.007   5.6   3.3   0.4
19:14:45.040         2       0.00     0.00       0   0.00    0.000    0.000    0.000    0.000    0.000   8.0   1.5   0.3
19:14:46.041         3      65.00     0.25    4096  24.62  284.324 1155.046    0.007 2443.089  765.429   8.0   1.5   0.3
19:14:47.041         4       0.00     0.00       0   0.00    0.000    0.000    0.000    0.000    0.000   8.0   2.0   0.2
19:14:48.227         5       4.00     0.02    4096 100.00 2321.865 2321.865    0.000 2438.397   78.300   8.3   1.7   0.2
19:14:49.001         6      54.00     0.21    4096  24.07  216.235  818.378   25.311 2735.831  680.692   7.7   1.3   0.0
19:14:50.041         7      82.00     0.32    4096  31.71   93.033  293.398    0.006  950.058  274.947   8.0   1.8   0.3
19:14:51.040         8       0.00     0.00       0   0.00    0.000    0.000    0.000    0.000    0.000   8.0   1.3   0.0
19:14:52.041         9     229.00     0.89    4096  29.69   96.770  325.872    0.007 2282.856  414.169   8.0   2.5   0.3
19:14:53.041        10     468.00     1.83    4096  31.41   17.214   45.164    4.414  554.185   63.653   8.0   1.5   0.3
19:14:54.041        11    1869.00     7.30    4096  32.05    4.338   13.523    0.006  178.043   15.048   8.0   2.3   0.8
19:14:55.041        12    1863.00     7.28    4096  35.21    4.221   11.974    0.007  180.207   14.966   8.0   2.5   0.5
19:14:56.041        13       5.00     0.02    4096  20.00   24.713  123.538    0.007  123.538   55.245   8.0   1.5   0.3
19:14:57.041        14      11.00     0.04    4096  36.36  369.057 1014.894    0.007 2030.135  821.086   8.0   1.5   0.3
19:14:58.041        15      79.00     0.31    4096  30.38  240.869  792.844    0.007 2177.026  593.575   8.0   2.2   0.5
19:14:59.041        16     676.00     2.64    4096  36.39   13.155   36.137    0.007  721.318   75.483   8.0   1.8   0.0
19:15:00.040        17     921.00     3.60    4096  33.44    4.438   13.257    0.006  190.561   15.251   8.0   2.8   0.5
19:15:01.041        18       0.00     0.00       0   0.00    0.000    0.000    0.000    0.000    0.000   8.0   2.5   0.5
19:15:02.041        19      50.00     0.20    4096  26.00  333.608 1283.088    0.007 2154.025  772.396   8.0   1.8   0.0
19:15:03.040        20     590.00     2.30    4096  32.03   17.709   55.266    0.008  794.052   81.953   8.0   3.0   0.5
19:15:04.041        21     802.00     3.13    4096  31.30    9.244   29.523    0.007  466.732   46.611   8.0   2.3   0.8
19:15:05.040        22       0.00     0.00       0   0.00    0.000    0.000    0.000    0.000    0.000   8.0   2.0   0.5
19:15:06.041        23      31.00     0.12    4096  41.94  400.821  955.789    0.010 2146.672  831.964   8.0   1.5   0.3
19:15:07.041        24      10.00     0.04    4096  40.00  439.496 1098.728    0.008 2214.216  926.558   8.0   1.8   0.3
19:15:08.040        25       0.00     0.00       0   0.00    0.000    0.000    0.000    0.000    0.000   8.0   1.5   0.0
19:15:09.040        26      10.00     0.04    4096 100.00 1415.141 1415.141    0.000 2448.164 1218.847   8.0   1.8   0.0
19:15:10.002        27      45.00     0.18    4096  26.67  377.849  781.999  230.886 4036.370  934.700   8.0   1.3   0.0
19:15:11.041        28      85.00     0.33    4096  32.94   80.601  244.669    0.006  853.222  238.677   8.0   2.2   0.5
19:15:12.041        29       0.00     0.00       0   0.00    0.000    0.000    0.000    0.000    0.000   8.0   2.0   0.5
19:15:13.042        30      23.00     0.09    4096  43.48  593.677 1365.445    0.009 2343.645 1022.049   8.0   1.3   0.0
19:15:13.047        31     274.90     1.07    4096  33.14   29.162   84.167    1.896 4036.370  215.745   8.0   1.9   0.3