19:15:16.003         1    6588.00    25.73    4096   0.00    0.687    0.000    0.687  607.874   16.463   7.1   2.9   0.7
19:15:17.003         2     268.00     1.05    4096   0.00   28.588    0.000   28.588  979.634  144.202   8.0   3.5   0.8
19:15:18.041         3     484.00     1.89    4096   0.00   18.576    0.000   18.576  427.797   76.166   8.0   1.5   0.0
19:15:19.040         4     449.00     1.75    4096   0.00   20.140    0.000   20.140  455.986   81.472   8.0   1.8   0.3
19:15:24.722         5       1.00     0.00    4096   0.00  211.982    0.000  211.982  211.982    0.000   8.3   2.4   0.2
19:15:24.722         6       0.00     0.00       0   0.00    0.000    0.000    0.000    0.000    0.000   8.0   0.5   0.5
19:15:24.723         7       0.00     0.00       0   0.00    0.000    0.000    0.000    0.000    0.000   8.0   0.3   0.0
19:15:24.724         8       0.00     0.00       0   0.00    0.000    0.000    0.000    0.000    0.000   8.0   0.3   0.0
19:15:24.725         9       0.00     0.00       0   0.00    0.000    0.000    0.000    0.000    0.000   8.0   0.0   0.0
19:15:25.002        10    2521.00     9.85    4096   0.00   18.684    0.000   18.684 5857.073  327.380   7.7   2.3   0.5
19:15:26.041        11       1.00     0.00    4096   0.00 1035.751    0.000 1035.751 1035.751    0.000   8.0   1.5   0.3
19:15:29.708        12       0.00     0.00       0   0.00    0.000    0.000    0.000    0.000    0.000   8.3   1.5   0.2
19:15:29.709        13       0.00     0.00       0   0.00    0.000    0.000    0.000    0.000    0.000   8.0   1.0   0.3
19:15:29.710        14       0.00     0.00       0   0.00    0.000    0.000    0.000    0.000    0.000   8.0   0.5   0.0
19:15:30.800        15    2026.00     7.91    4096   0.00   19.306    0.000   19.306 4933.509  300.699   7.7   1.8   0.3
19:15:31.003        16     161.00     0.63    4096   0.00   20.200    0.000   20.200 1095.780  145.427   8.0   1.8   0.3
19:15:34.216        17       0.00     0.00       0   0.00    0.000    0.000    0.000    0.000    0.000   8.3   1.4   0.2
19:15:34.217        18       0.00     0.00       0   0.00    0.000    0.000    0.000    0.000    0.000   8.0   0.3   0.0
19:15:34.217        19       0.00     0.00       0   0.00    0.000    0.000    0.000    0.000    0.000   8.0   1.0   0.3
19:15:35.400        20    1972.00     7.70    4096   0.00   17.050    0.000   17.050 4423.785  256.762   7.7   1.8   0.3
19:15:36.002        21     509.00     1.99    4096   0.00   21.349    0.000   21.349  979.904  127.568   8.0   1.8   0.0
19:15:37.041        22     448.00     1.75    4096   0.00   14.625    0.000   14.625  787.813   80.786   8.0   2.3   0.3
19:15:38.041        23       1.00     0.00    4096   0.00  395.654    0.000  395.654  395.654    0.000   8.0   1.5   0.0
19:15:41.566        24       0.00     0.00       0   0.00    0.000    0.000    0.000    0.000    0.000   8.3   2.4   0.2
19:15:41.567        25       0.00     0.00       0   0.00    0.000    0.000    0.000    0.000    0.000   8.0   0.5   0.3
19:15:41.567        26       0.00     0.00       0   0.00    0.000    0.000    0.000    0.000    0.000   8.0   0.3   0.3
19:15:42.800        27    2102.00     8.21    4096   0.00   19.640    0.000   19.640 5185.151  303.365   7.7   5.3   0.0
19:15:43.001        28     176.00     0.69    4096   0.00   44.815    0.000   44.815 1159.301  220.947   8.0  14.9   0.5
19:15:44.041        29     497.00     1.94    4096   0.00   14.082    0.000   14.082 1135.744   89.398   8.0   3.0   0.7
19:15:45.041        30       1.00     0.00    4096   0.00  159.827    0.000  159.827  159.827    0.000   8.0   1.3   0.0
19:15:51.093        31     400.59     1.56    4096   0.00   19.297    0.000   19.297 5857.073  265.091   8.0   2.0   0.2