:date 12162016-16:11:47.000
:fixed_data
0 0 0 0 sd_s1
:
:vdbench503_vdbench_data_for_swat303
:date 12162016-16:11:47.000 12162016-16:11:48.000
0 0 0 4631 682099 0 0 1185536 919 0 919 0 0 0
:
:vdbench503_vdbench_data_for_swat303
:date 12162016-16:11:48.000 12162016-16:11:49.000
0 0 0 1758 2605084 0 0 450048 1119422 0 1119422 0 0 0
:
:vdbench503_vdbench_data_for_swat303
:date 12162016-16:11:49.000 12162016-16:11:50.000
0 0 0 498 1995036 0 0 127488 23671 0 23671 0 0 0
:
:vdbench503_vdbench_data_for_swat303
:date 12162016-16:11:50.000 12162016-16:11:51.000
0 0 0 503 2009519 0 0 128768 12070 0 12070 0 0 0
:
:vdbench503_vdbench_data_for_swat303
:date 12162016-16:11:51.000 12162016-16:11:52.000
0 0 0 398 1979827 0 0 101888 19777 0 19777 0 0 0
:
:vdbench503_vdbench_data_for_swat303
:date 12162016-16:11:52.000 12162016-16:11:53.000
0 0 0 413 2002039 0 0 105728 19675 0 19675 0 0 0
:
:vdbench503_vdbench_data_for_swat303
:date 12162016-16:11:58.000 12162016-16:11:59.000
0 0 0 358 1654379 0 0 91648 31835 0 31835 0 0 0
:
:vdbench503_vdbench_data_for_swat303
:date 12162016-16:11:58.000 12162016-16:11:59.000
0 0 0 0 0 0 0 0 0 0 0 0 0 0
:
:vdbench503_vdbench_data_for_swat303
:date 12162016-16:11:58.000 12162016-16:11:59.000
0 0 0 0 0 0 0 0 0 0 0 0 0 0
:
:vdbench503_vdbench_data_for_swat303
:date 12162016-16:11:58.000 12162016-16:11:59.000
0 0 0 0 0 0 0 0 0 0 0 0 0 0
:
:vdbench503_vdbench_data_for_swat303
:date 12162016-16:11:58.000 12162016-16:11:59.000
0 0 0 0 0 0 0 0 0 0 0 0 0 0
:
:vdbench503_vdbench_data_for_swat303
:date 12162016-16:11:58.000 12162016-16:11:59.000
0 0 0 0 0 0 0 0 0 0 0 0 0 0
:
:vdbench503_vdbench_data_for_swat303
:date 12162016-16:11:59.000 12162016-16:12:00.000
0 0 0 2742 12327379 0 0 701952 5499226 0 5499226 0 0 0
:
:vdbench503_vdbench_data_for_swat303
:date 12162016-16:12:00.000 12162016-16:12:01.000
0 0 0 496 1997991 0 0 126976 34952 0 34952 0 0 0
:
:vdbench503_vdbench_data_for_swat303
:date 12162016-16:12:01.000 12162016-16:12:02.000
0 0 0 564 1989689 0 0 144384 31525 0 31525 0 0 0
:
:vdbench503_vdbench_data_for_swat303
:date 12162016-16:12:02.000 12162016-16:12:03.000
0 0 0 172 638624 0 0 44032 16180 0 16180 0 0 0
:
:vdbench503_vdbench_data_for_swat303
:date 12162016-16:12:06.000 12162016-16:12:07.000
0 0 0 0 0 0 0 0 0 0 0 0 0 0
:
:vdbench503_vdbench_data_for_swat303
:date 12162016-16:12:06.000 12162016-16:12:07.000
0 0 0 0 0 0 0 0 0 0 0 0 0 0
:
:vdbench503_vdbench_data_for_swat303
:date 12162016-16:12:06.000 12162016-16:12:07.000
0 0 0 0 0 0 0 0 0 0 0 0 0 0
:
:vdbench503_vdbench_data_for_swat303
:date 12162016-16:12:06.000 12162016-16:12:07.000
0 0 0 0 0 0 0 0 0 0 0 0 0 0
:
:vdbench503_vdbench_data_for_swat303
:date 12162016-16:12:11.000 12162016-16:12:12.000
0 0 0 676 11383384 0 0 173056 5607813 0 5607813 0 0 0
:
:vdbench503_vdbench_data_for_swat303
:date 12162016-16:12:11.000 12162016-16:12:12.000
0 0 0 1722 398185 0 0 440832 23352 0 23352 0 0 0
:
:vdbench503_vdbench_data_for_swat303
:date 12162016-16:12:11.000 12162016-16:12:12.000
0 0 0 0 0 0 0 0 0 0 0 0 0 0
:
:vdbench503_vdbench_data_for_swat303
:date 12162016-16:12:11.000 12162016-16:12:12.000
0 0 0 0 0 0 0 0 0 0 0 0 0 0
:
:vdbench503_vdbench_data_for_swat303
:date 12162016-16:12:11.000 12162016-16:12:12.000
0 0 0 0 0 0 0 0 0 0 0 0 0 0
:
:vdbench503_vdbench_data_for_swat303
:date 12162016-16:12:12.000 12162016-16:12:13.000
0 0 0 2022 9510599 0 0 517632 4569739 0 4569739 0 0 0
:
:vdbench503_vdbench_data_for_swat303
:date 12162016-16:12:13.000 12162016-16:12:14.000
0 0 0 405 1087481 0 0 103680 59978 0 59978 0 0 0
:
:vdbench503_vdbench_data_for_swat303
:date 12162016-16:12:14.000 12162016-16:12:15.000
0 0 0 0 0 0 0 0 0 0 0 0 0 0
:
:vdbench503_vdbench_data_for_swat303
:date 12162016-16:12:15.000 12162016-16:12:16.000
0 0 0 0 0 0 0 0 0 0 0 0 0 0
:
:vdbench503_vdbench_data_for_swat303
:date 12162016-16:12:16.000 12162016-16:12:17.000
0 0 0 0 0 0 0 0 0 0 0 0 0 0
:
:vdbench503_vdbench_data_for_swat303
:date 12162016-16:12:17.000 12162016-16:12:18.000
0 0 0 136 8924107 0 0 34816 4448168 0 4448168 0 0 0
:
:vdbench503_vdbench_data_for_swat303
:date 12162016-16:12:18.000 12162016-16:12:19.000
0 0 0 1904 1047815 0 0 487424 30771 0 30771 0 0 0
:
:vdbench503_vdbench_data_for_swat303
:date 12162016-16:12:19.000 12162016-16:12:20.000
0 0 0 0 0 0 0 0 0 0 0 0 0 0
:
:vdbench503_vdbench_data_for_swat303
:date 12162016-16:12:20.000 12162016-16:12:21.000
0 0 0 2 3295395 0 0 512 1663574 0 1663574 0 0 0
:
:vdbench503_vdbench_data_for_swat303
:date 12162016-16:12:21.000 12162016-16:12:22.000
0 0 0 0 0 0 0 0 0 0 0 0 0 0
:
:vdbench503_vdbench_data_for_swat303
:date 12162016-16:12:22.000 12162016-16:12:23.000
0 0 0 0 0 0 0 0 0 0 0 0 0 0
:
:vdbench503_vdbench_data_for_swat303
:date 12162016-16:12:23.000 12162016-16:12:24.000
0 0 0 2181 7646972 0 0 558336 3529004 0 3529004 0 0 0
:
:vdbench503_vdbench_data_for_swat303
:date 12162016-16:12:24.000 12162016-16:12:25.000
0 0 0 591 1973189 0 0 151296 102440 0 102440 0 0 0
:
:vdbench503_vdbench_data_for_swat303
:date 12162016-16:12:25.000 12162016-16:12:26.000
0 0 0 106 514178 0 0 27136 161537 0 161537 0 0 0
:
:vdbench503_vdbench_data_for_swat303
:date 12162016-16:12:30.000 12162016-16:12:31.000
0 0 0 0 0 0 0 0 0 0 0 0 0 0
:
:vdbench503_vdbench_data_for_swat303
:date 12162016-16:12:30.000 12162016-16:12:31.000
0 0 0 0 0 0 0 0 0 0 0 0 0 0
:
:vdbench503_vdbench_data_for_swat303
:date 12162016-16:12:30.000 12162016-16:12:31.000
0 0 0 0 0 0 0 0 0 0 0 0 0 0
:
:vdbench503_vdbench_data_for_swat303
:date 12162016-16:12:30.000 12162016-16:12:31.000
0 0 0 0 0 0 0 0 0 0 0 0 0 0
:
:vdbench503_vdbench_data_for_swat303
:date 12162016-16:12:30.000 12162016-16:12:31.000
0 0 0 0 0 0 0 0 0 0 0 0 0 0
:
:vdbench503_vdbench_data_for_swat303
:date 12162016-16:12:31.000 12162016-16:12:32.000
0 0 0 2298 13287056 0 0 588288 6476341 0 6476341 0 0 0
:
:vdbench503_vdbench_data_for_swat303
:date 12162016-16:12:44.000 12162016-16:12:45.000
0 0 233 0 4025204 0 1864 0 257991 257991 0 0 0 0
:
:vdbench503_vdbench_data_for_swat303
:date 12162016-16:12:45.000 12162016-16:12:46.000
0 0 21 0 7119962 0 168 0 906983 906983 0 0 0 0
:
:vdbench503_vdbench_data_for_swat303
:date 12162016-16:12:46.000 12162016-16:12:47.000
0 0 145 0 9028299 0 1160 0 534746 534746 0 0 0 0
:
:vdbench503_vdbench_data_for_swat303
:date 12162016-16:12:47.000 12162016-16:12:48.000
0 0 361 0 8190708 0 2888 0 568691 568691 0 0 0 0
:
:vdbench503_vdbench_data_for_swat303
:date 12162016-16:12:48.000 12162016-16:12:49.000
0 0 355 0 8035685 0 2840 0 224591 224591 0 0 0 0
:
:vdbench503_vdbench_data_for_swat303
:date 12162016-16:12:49.000 12162016-16:12:50.000
0 0 320 0 7909908 0 2560 0 441343 441343 0 0 0 0
:
:vdbench503_vdbench_data_for_swat303
:date 12162016-16:12:50.000 12162016-16:12:51.000
0 0 268 0 8055256 0 2144 0 356784 356784 0 0 0 0
:
:vdbench503_vdbench_data_for_swat303
:date 12162016-16:12:51.000 12162016-16:12:52.000
0 0 367 0 8101556 0 2936 0 338019 338019 0 0 0 0
:
:vdbench503_vdbench_data_for_swat303
:date 12162016-16:12:52.000 12162016-16:12:53.000
0 0 397 0 7926241 0 3176 0 172051 172051 0 0 0 0
:
:vdbench503_vdbench_data_for_swat303
:date 12162016-16:12:53.000 12162016-16:12:54.000
0 0 383 0 7697693 0 3064 0 203292 203292 0 0 0 0
:
:vdbench503_vdbench_data_for_swat303
:date 12162016-16:12:54.000 12162016-16:12:55.000
0 0 447 0 8068318 0 3576 0 262873 262873 0 0 0 0
:
:vdbench503_vdbench_data_for_swat303
:date 12162016-16:12:55.000 12162016-16:12:56.000
0 0 225 0 8280824 0 1800 0 436881 436881 0 0 0 0
:
:vdbench503_vdbench_data_for_swat303
:date 12162016-16:12:56.000 12162016-16:12:57.000
0 0 193 0 7506524 0 1544 0 263099 263099 0 0 0 0
:
:vdbench503_vdbench_data_for_swat303
:date 12162016-16:12:57.000 12162016-16:12:58.000
0 0 187 0 8235774 0 1496 0 174864 174864 0 0 0 0
:
:vdbench503_vdbench_data_for_swat303
:date 12162016-16:12:58.000 12162016-16:12:59.000
0 0 335 0 8289991 0 2680 0 213485 213485 0 0 0 0
:
:vdbench503_vdbench_data_for_swat303
:date 12162016-16:12:59.000 12162016-16:13:00.000
0 0 362 0 7861556 0 2896 0 148636 148636 0 0 0 0
:
:vdbench503_vdbench_data_for_swat303
:date 12162016-16:13:00.000 12162016-16:13:01.000
0 0 363 0 8109372 0 2904 0 259952 259952 0 0 0 0
:
:vdbench503_vdbench_data_for_swat303
:date 12162016-16:13:01.000 12162016-16:13:02.000
0 0 406 0 7828143 0 3248 0 309299 309299 0 0 0 0
:
:vdbench503_vdbench_data_for_swat303
:date 12162016-16:13:02.000 12162016-16:13:03.000
0 0 385 0 8177830 0 3080 0 222826 222826 0 0 0 0
:
:vdbench503_vdbench_data_for_swat303
:date 12162016-16:13:03.000 12162016-16:13:04.000
0 0 380 0 7960489 0 3040 0 237685 237685 0 0 0 0
:
:vdbench503_vdbench_data_for_swat303
:date 12162016-16:13:04.000 12162016-16:13:05.000
0 0 354 0 7970243 0 2832 0 333263 333263 0 0 0 0
:
:vdbench503_vdbench_data_for_swat303
:date 12162016-16:13:05.000 12162016-16:13:06.000
0 0 366 0 7937554 0 2928 0 157661 157661 0 0 0 0
:
:vdbench503_vdbench_data_for_swat303
:date 12162016-16:13:06.000 12162016-16:13:07.000
0 0 383 0 7936418 0 3064 0 235623 235623 0 0 0 0
:
:vdbench503_vdbench_data_for_swat303
:date 12162016-16:13:07.000 12162016-16:13:08.000
0 0 403 0 8125276 0 3224 0 424135 424135 0 0 0 0
:
:vdbench503_vdbench_data_for_swat303
:date 12162016-16:13:08.000 12162016-16:13:09.000
0 0 401 0 8083816 0 3208 0 236728 236728 0 0 0 0
:
:vdbench503_vdbench_data_for_swat303
:date 12162016-16:13:09.000 12162016-16:13:10.000
0 0 349 0 7986184 0 2792 0 247000 247000 0 0 0 0
:
:vdbench503_vdbench_data_for_swat303
:date 12162016-16:13:10.000 12162016-16:13:11.000
0 0 297 0 7790656 0 2376 0 189584 189584 0 0 0 0
:
:vdbench503_vdbench_data_for_swat303
:date 12162016-16:13:11.000 12162016-16:13:12.000
0 0 336 0 7954026 0 2688 0 267226 267226 0 0 0 0
:
:vdbench503_vdbench_data_for_swat303
:date 12162016-16:13:12.000 12162016-16:13:13.000
0 0 473 0 8068917 0 3784 0 711703 711703 0 0 0 0
:
:vdbench503_vdbench_data_for_swat303
:date 12162016-16:13:13.000 12162016-16:13:14.000
0 0 455 0 7972707 0 3640 0 250641 250641 0 0 0 0
:
:vdbench503_vdbench_data_for_swat303
:date 12162016-16:13:15.000 12162016-16:13:16.000
0 0 273 0 5426661 0 4368 0 200127 200127 0 0 0 0
:
:vdbench503_vdbench_data_for_swat303
:date 12162016-16:13:16.000 12162016-16:13:17.000
0 0 442 0 7264417 0 7072 0 232225 232225 0 0 0 0
:
:vdbench503_vdbench_data_for_swat303
:date 12162016-16:13:17.000 12162016-16:13:18.000
0 0 305 0 8538728 0 4880 0 457719 457719 0 0 0 0
:
:vdbench503_vdbench_data_for_swat303
:date 12162016-16:13:18.000 12162016-16:13:19.000
0 0 460 0 7965905 0 7360 0 322988 322988 0 0 0 0
:
:vdbench503_vdbench_data_for_swat303
:date 12162016-16:13:19.000 12162016-16:13:20.000
0 0 430 0 7903397 0 6880 0 378107 378107 0 0 0 0
:
:vdbench503_vdbench_data_for_swat303
:date 12162016-16:13:20.000 12162016-16:13:21.000
0 0 414 0 7872078 0 6624 0 180854 180854 0 0 0 0
:
:vdbench503_vdbench_data_for_swat303
:date 12162016-16:13:21.000 12162016-16:13:22.000
0 0 475 0 8185040 0 7600 0 427164 427164 0 0 0 0
:
:vdbench503_vdbench_data_for_swat303
:date 12162016-16:13:22.000 12162016-16:13:23.000
0 0 457 0 8089218 0 7312 0 351031 351031 0 0 0 0
:
:vdbench503_vdbench_data_for_swat303
:date 12162016-16:13:23.000 12162016-16:13:24.000
0 0 474 0 8006134 0 7584 0 299997 299997 0 0 0 0
:
:vdbench503_vdbench_data_for_swat303
:date 12162016-16:13:24.000 12162016-16:13:25.000
0 0 401 0 7829015 0 6416 0 512931 512931 0 0 0 0
:
:vdbench503_vdbench_data_for_swat303
:date 12162016-16:13:25.000 12162016-16:13:26.000
0 0 341 0 6934001 0 5456 0 306850 306850 0 0 0 0
:
:vdbench503_vdbench_data_for_swat303
:date 12162016-16:13:26.000 12162016-16:13:27.000
0 0 426 0 9220552 0 6816 0 391901 391901 0 0 0 0
:
:vdbench503_vdbench_data_for_swat303
:date 12162016-16:13:27.000 12162016-16:13:28.000
0 0 429 0 7720674 0 6864 0 181186 181186 0 0 0 0
:
:vdbench503_vdbench_data_for_swat303
:date 12162016-16:13:28.000 12162016-16:13:29.000
0 0 409 0 8126727 0 6544 0 303864 303864 0 0 0 0
:
:vdbench503_vdbench_data_for_swat303
:date 12162016-16:13:29.000 12162016-16:13:30.000
0 0 395 0 8162532 0 6320 0 314983 314983 0 0 0 0
:
:vdbench503_vdbench_data_for_swat303
:date 12162016-16:13:30.000 12162016-16:13:31.000
0 0 386 0 7546201 0 6176 0 247696 247696 0 0 0 0
:
:vdbench503_vdbench_data_for_swat303
:date 12162016-16:13:31.000 12162016-16:13:32.000
0 0 350 0 8434131 0 5600 0 361306 361306 0 0 0 0
:
:vdbench503_vdbench_data_for_swat303
:date 12162016-16:13:32.000 12162016-16:13:33.000
0 0 428 0 7916577 0 6848 0 356205 356205 0 0 0 0
:
:vdbench503_vdbench_data_for_swat303
:date 12162016-16:13:33.000 12162016-16:13:34.000
0 0 496 0 8010006 0 7936 0 298015 298015 0 0 0 0
:
:vdbench503_vdbench_data_for_swat303
:date 12162016-16:13:34.000 12162016-16:13:35.000
0 0 458 0 7786554 0 7328 0 387524 387524 0 0 0 0
:
:vdbench503_vdbench_data_for_swat303
:date 12162016-16:13:35.000 12162016-16:13:36.000
0 0 473 0 8285769 0 7568 0 429881 429881 0 0 0 0
:
:vdbench503_vdbench_data_for_swat303
:date 12162016-16:13:36.000 12162016-16:13:37.000
0 0 406 0 7866040 0 6496 0 321452 321452 0 0 0 0
:
:vdbench503_vdbench_data_for_swat303
:date 12162016-16:13:37.000 12162016-16:13:38.000
0 0 359 0 8102521 0 5744 0 272863 272863 0 0 0 0
:
:vdbench503_vdbench_data_for_swat303
:date 12162016-16:13:38.000 12162016-16:13:39.000
0 0 461 0 8003798 0 7376 0 251605 251605 0 0 0 0
:
:vdbench503_vdbench_data_for_swat303
:date 12162016-16:13:39.000 12162016-16:13:40.000
0 0 442 0 7699891 0 7072 0 268994 268994 0 0 0 0
:
:vdbench503_vdbench_data_for_swat303
:date 12162016-16:13:40.000 12162016-16:13:41.000
0 0 466 0 8152608 0 7456 0 402831 402831 0 0 0 0
:
:vdbench503_vdbench_data_for_swat303
:date 12162016-16:13:41.000 12162016-16:13:42.000
0 0 441 0 8018365 0 7056 0 435512 435512 0 0 0 0
:
:vdbench503_vdbench_data_for_swat303
:date 12162016-16:13:42.000 12162016-16:13:43.000
0 0 440 0 8198102 0 7040 0 247976 247976 0 0 0 0
:
:vdbench503_vdbench_data_for_swat303
:date 12162016-16:13:43.000 12162016-16:13:44.000
0 0 305 0 7903929 0 4880 0 265861 265861 0 0 0 0
:
:vdbench503_vdbench_data_for_swat303
:date 12162016-16:13:44.000 12162016-16:13:45.000
0 0 379 0 7908684 0 6064 0 219695 219695 0 0 0 0
:
:vdbench503_vdbench_data_for_swat303
:date 12162016-16:13:46.000 12162016-16:13:47.000
0 0 246 0 4353314 0 7872 0 209904 209904 0 0 0 0
:
:vdbench503_vdbench_data_for_swat303
:date 12162016-16:13:47.000 12162016-16:13:48.000
0 0 475 0 8156529 0 15200 0 316126 316126 0 0 0 0
:
:vdbench503_vdbench_data_for_swat303
:date 12162016-16:13:48.000 12162016-16:13:49.000
0 0 391 0 8084845 0 12512 0 335229 335229 0 0 0 0
:
:vdbench503_vdbench_data_for_swat303
:date 12162016-16:13:49.000 12162016-16:13:50.000
0 0 346 0 7409133 0 11072 0 331943 331943 0 0 0 0
:
:vdbench503_vdbench_data_for_swat303
:date 12162016-16:13:50.000 12162016-16:13:51.000
0 0 448 0 8532595 0 14336 0 582654 582654 0 0 0 0
:
:vdbench503_vdbench_data_for_swat303
:date 12162016-16:13:51.000 12162016-16:13:52.000
0 0 408 0 7766400 0 13056 0 308542 308542 0 0 0 0
:
:vdbench503_vdbench_data_for_swat303
:date 12162016-16:13:52.000 12162016-16:13:53.000
0 0 433 0 8280504 0 13856 0 492154 492154 0 0 0 0
:
:vdbench503_vdbench_data_for_swat303
:date 12162016-16:13:53.000 12162016-16:13:54.000
0 0 467 0 8033761 0 14944 0 203064 203064 0 0 0 0
:
:vdbench503_vdbench_data_for_swat303
:date 12162016-16:13:54.000 12162016-16:13:55.000
0 0 403 0 7867814 0 12896 0 241923 241923 0 0 0 0
:
:vdbench503_vdbench_data_for_swat303
:date 12162016-16:13:55.000 12162016-16:13:56.000
0 0 413 0 7888859 0 13216 0 172213 172213 0 0 0 0
:
:vdbench503_vdbench_data_for_swat303
:date 12162016-16:13:56.000 12162016-16:13:57.000
0 0 443 0 8023131 0 14176 0 379216 379216 0 0 0 0
:
:vdbench503_vdbench_data_for_swat303
:date 12162016-16:13:57.000 12162016-16:13:58.000
0 0 417 0 8206537 0 13344 0 275792 275792 0 0 0 0
:
:vdbench503_vdbench_data_for_swat303
:date 12162016-16:13:58.000 12162016-16:13:59.000
0 0 441 0 7912365 0 14112 0 275198 275198 0 0 0 0
:
:vdbench503_vdbench_data_for_swat303
:date 12162016-16:13:59.000 12162016-16:14:00.000
0 0 428 0 8005645 0 13696 0 226558 226558 0 0 0 0
:
:vdbench503_vdbench_data_for_swat303
:date 12162016-16:14:00.000 12162016-16:14:01.000
0 0 475 0 8315616 0 15200 0 233894 233894 0 0 0 0
:
:vdbench503_vdbench_data_for_swat303
:date 12162016-16:14:01.000 12162016-16:14:02.000
0 0 427 0 7744933 0 13664 0 181694 181694 0 0 0 0
:
:vdbench503_vdbench_data_for_swat303
:date 12162016-16:14:02.000 12162016-16:14:03.000
0 0 433 0 7905625 0 13856 0 248839 248839 0 0 0 0
:
:vdbench503_vdbench_data_for_swat303
:date 12162016-16:14:03.000 12162016-16:14:04.000
0 0 446 0 7931333 0 14272 0 346186 346186 0 0 0 0
:
:vdbench503_vdbench_data_for_swat303
:date 12162016-16:14:04.000 12162016-16:14:05.000
0 0 399 0 8158403 0 12768 0 483295 483295 0 0 0 0
:
:vdbench503_vdbench_data_for_swat303
:date 12162016-16:14:05.000 12162016-16:14:06.000
0 0 463 0 7980150 0 14816 0 225464 225464 0 0 0 0
:
:vdbench503_vdbench_data_for_swat303
:date 12162016-16:14:06.000 12162016-16:14:07.000
0 0 303 0 7857745 0 9696 0 247213 247213 0 0 0 0
:
:vdbench503_vdbench_data_for_swat303
:date 12162016-16:14:07.000 12162016-16:14:08.000
0 0 436 0 7847194 0 13952 0 377369 377369 0 0 0 0
:
:vdbench503_vdbench_data_for_swat303
:date 12162016-16:14:08.000 12162016-16:14:09.000
0 0 465 0 8317612 0 14880 0 793937 793937 0 0 0 0
:
:vdbench503_vdbench_data_for_swat303
:date 12162016-16:14:09.000 12162016-16:14:10.000
0 0 431 0 7926326 0 13792 0 239691 239691 0 0 0 0
:
:vdbench503_vdbench_data_for_swat303
:date 12162016-16:14:10.000 12162016-16:14:11.000
0 0 401 0 7830019 0 12832 0 244802 244802 0 0 0 0
:
:vdbench503_vdbench_data_for_swat303
:date 12162016-16:14:11.000 12162016-16:14:12.000
0 0 409 0 7998594 0 13088 0 479150 479150 0 0 0 0
:
:vdbench503_vdbench_data_for_swat303
:date 12162016-16:14:12.000 12162016-16:14:13.000
0 0 353 0 8119427 0 11296 0 315984 315984 0 0 0 0
:
:vdbench503_vdbench_data_for_swat303
:date 12162016-16:14:13.000 12162016-16:14:14.000
0 0 411 0 8129909 0 13152 0 253401 253401 0 0 0 0
:
:vdbench503_vdbench_data_for_swat303
:date 12162016-16:14:14.000 12162016-16:14:15.000
0 0 464 0 7990696 0 14848 0 534025 534025 0 0 0 0
:
:vdbench503_vdbench_data_for_swat303
:date 12162016-16:14:15.000 12162016-16:14:16.000
0 0 458 0 7635499 0 14656 0 203377 203377 0 0 0 0
:
:vdbench503_vdbench_data_for_swat303
:date 12162016-16:14:17.000 12162016-16:14:18.000
0 0 227 0 4497456 0 14528 0 266193 266193 0 0 0 0
:
:vdbench503_vdbench_data_for_swat303
:date 12162016-16:14:18.000 12162016-16:14:19.000
0 0 346 0 7868430 0 22144 0 476091 476091 0 0 0 0
:
:vdbench503_vdbench_data_for_swat303
:date 12162016-16:14:19.000 12162016-16:14:20.000
0 0 375 0 7749066 0 24000 0 277406 277406 0 0 0 0
:
:vdbench503_vdbench_data_for_swat303
:date 12162016-16:14:20.000 12162016-16:14:21.000
0 0 431 0 8359664 0 27584 0 356966 356966 0 0 0 0
:
:vdbench503_vdbench_data_for_swat303
:date 12162016-16:14:21.000 12162016-16:14:22.000
0 0 344 0 7976639 0 22016 0 318096 318096 0 0 0 0
:
:vdbench503_vdbench_data_for_swat303
:date 12162016-16:14:22.000 12162016-16:14:23.000
0 0 386 0 7898660 0 24704 0 259076 259076 0 0 0 0
:
:vdbench503_vdbench_data_for_swat303
:date 12162016-16:14:23.000 12162016-16:14:24.000
0 0 387 0 8150921 0 24768 0 224522 224522 0 0 0 0
:
:vdbench503_vdbench_data_for_swat303
:date 12162016-16:14:24.000 12162016-16:14:25.000
0 0 410 0 7997258 0 26240 0 258478 258478 0 0 0 0
:
:vdbench503_vdbench_data_for_swat303
:date 12162016-16:14:25.000 12162016-16:14:26.000
0 0 374 0 7758449 0 23936 0 252262 252262 0 0 0 0
:
:vdbench503_vdbench_data_for_swat303
:date 12162016-16:14:26.000 12162016-16:14:27.000
0 0 421 0 8085937 0 26944 0 234899 234899 0 0 0 0
:
:vdbench503_vdbench_data_for_swat303
:date 12162016-16:14:27.000 12162016-16:14:28.000
0 0 272 0 8103112 0 17408 0 532808 532808 0 0 0 0
:
:vdbench503_vdbench_data_for_swat303
:date 12162016-16:14:28.000 12162016-16:14:29.000
0 0 307 0 7780044 0 19648 0 232720 232720 0 0 0 0
:
:vdbench503_vdbench_data_for_swat303
:date 12162016-16:14:29.000 12162016-16:14:30.000
0 0 397 0 7780585 0 25408 0 396350 396350 0 0 0 0
:
:vdbench503_vdbench_data_for_swat303
:date 12162016-16:14:30.000 12162016-16:14:31.000
0 0 389 0 8333577 0 24896 0 429922 429922 0 0 0 0
:
:vdbench503_vdbench_data_for_swat303
:date 12162016-16:14:31.000 12162016-16:14:32.000
0 0 423 0 7993764 0 27072 0 226504 226504 0 0 0 0
:
:vdbench503_vdbench_data_for_swat303
:date 12162016-16:14:32.000 12162016-16:14:33.000
0 0 398 0 8052408 0 25472 0 251156 251156 0 0 0 0
:
:vdbench503_vdbench_data_for_swat303
:date 12162016-16:14:33.000 12162016-16:14:34.000
0 0 352 0 8057312 0 22528 0 407531 407531 0 0 0 0
:
:vdbench503_vdbench_data_for_swat303
:date 12162016-16:14:34.000 12162016-16:14:35.000
0 0 392 0 7686188 0 25088 0 235678 235678 0 0 0 0
:
:vdbench503_vdbench_data_for_swat303
:date 12162016-16:14:35.000 12162016-16:14:36.000
0 0 416 0 8159217 0 26624 0 233918 233918 0 0 0 0
:
:vdbench503_vdbench_data_for_swat303
:date 12162016-16:14:36.000 12162016-16:14:37.000
0 0 334 0 7800703 0 21376 0 207011 207011 0 0 0 0
:
:vdbench503_vdbench_data_for_swat303
:date 12162016-16:14:37.000 12162016-16:14:38.000
0 0 360 0 8233954 0 23040 0 207168 207168 0 0 0 0
:
:vdbench503_vdbench_data_for_swat303
:date 12162016-16:14:38.000 12162016-16:14:39.000
0 0 417 0 7729831 0 26688 0 311521 311521 0 0 0 0
:
:vdbench503_vdbench_data_for_swat303
:date 12162016-16:14:39.000 12162016-16:14:40.000
0 0 325 0 8316557 0 20800 0 457699 457699 0 0 0 0
:
:vdbench503_vdbench_data_for_swat303
:date 12162016-16:14:40.000 12162016-16:14:41.000
0 0 452 0 7952746 0 28928 0 259997 259997 0 0 0 0
:
:vdbench503_vdbench_data_for_swat303
:date 12162016-16:14:41.000 12162016-16:14:42.000
0 0 434 0 8034203 0 27776 0 411722 411722 0 0 0 0
:
:vdbench503_vdbench_data_for_swat303
:date 12162016-16:14:42.000 12162016-16:14:43.000
0 0 395 0 7504807 0 25280 0 578497 578497 0 0 0 0
:
:vdbench503_vdbench_data_for_swat303
:date 12162016-16:14:43.000 12162016-16:14:44.000
0 0 284 0 8578739 0 18176 0 412887 412887 0 0 0 0
:
:vdbench503_vdbench_data_for_swat303
:date 12162016-16:14:44.000 12162016-16:14:45.000
0 0 456 0 7957006 0 29184 0 371765 371765 0 0 0 0
:
:vdbench503_vdbench_data_for_swat303
:date 12162016-16:14:45.000 12162016-16:14:46.000
0 0 320 0 8220252 0 20480 0 412235 412235 0 0 0 0
:
:vdbench503_vdbench_data_for_swat303
:date 12162016-16:14:46.000 12162016-16:14:47.000
0 0 355 0 7686072 0 22720 0 256248 256248 0 0 0 0
:
:vdbench503_vdbench_data_for_swat303
:date 12162016-16:14:48.000 12162016-16:14:49.000
0 0 143 0 4509149 0 18304 0 222087 222087 0 0 0 0
:
:vdbench503_vdbench_data_for_swat303
:date 12162016-16:14:49.000 12162016-16:14:50.000
0 0 325 0 7981778 0 41600 0 281825 281825 0 0 0 0
:
:vdbench503_vdbench_data_for_swat303
:date 12162016-16:14:50.000 12162016-16:14:51.000
0 0 374 0 7956201 0 47872 0 435876 435876 0 0 0 0
:
:vdbench503_vdbench_data_for_swat303
:date 12162016-16:14:51.000 12162016-16:14:52.000
0 0 336 0 7935749 0 43008 0 250197 250197 0 0 0 0
:
:vdbench503_vdbench_data_for_swat303
:date 12162016-16:14:52.000 12162016-16:14:53.000
0 0 274 0 8148166 0 35072 0 201999 201999 0 0 0 0
:
:vdbench503_vdbench_data_for_swat303
:date 12162016-16:14:53.000 12162016-16:14:54.000
0 0 378 0 8076237 0 48384 0 379296 379296 0 0 0 0
:
:vdbench503_vdbench_data_for_swat303
:date 12162016-16:14:54.000 12162016-16:14:55.000
0 0 316 0 7870602 0 40448 0 244699 244699 0 0 0 0
:
:vdbench503_vdbench_data_for_swat303
:date 12162016-16:14:55.000 12162016-16:14:56.000
0 0 349 0 8053291 0 44672 0 938086 938086 0 0 0 0
:
:vdbench503_vdbench_data_for_swat303
:date 12162016-16:14:56.000 12162016-16:14:57.000
0 0 356 0 7932770 0 45568 0 270916 270916 0 0 0 0
:
:vdbench503_vdbench_data_for_swat303
:date 12162016-16:14:57.000 12162016-16:14:58.000
0 0 388 0 7961522 0 49664 0 194644 194644 0 0 0 0
:
:vdbench503_vdbench_data_for_swat303
:date 12162016-16:14:58.000 12162016-16:14:59.000
0 0 279 0 8095605 0 35712 0 247191 247191 0 0 0 0
:
:vdbench503_vdbench_data_for_swat303
:date 12162016-16:14:59.000 12162016-16:15:00.000
0 0 350 0 7972756 0 44800 0 415817 415817 0 0 0 0
:
:vdbench503_vdbench_data_for_swat303
:date 12162016-16:15:00.000 12162016-16:15:01.000
0 0 369 0 8015377 0 47232 0 427741 427741 0 0 0 0
:
:vdbench503_vdbench_data_for_swat303
:date 12162016-16:15:01.000 12162016-16:15:02.000
0 0 382 0 7665057 0 48896 0 209808 209808 0 0 0 0
:
:vdbench503_vdbench_data_for_swat303
:date 12162016-16:15:02.000 12162016-16:15:03.000
0 0 332 0 8340470 0 42496 0 370709 370709 0 0 0 0
:
:vdbench503_vdbench_data_for_swat303
:date 12162016-16:15:03.000 12162016-16:15:04.000
0 0 328 0 7968661 0 41984 0 381274 381274 0 0 0 0
:
:vdbench503_vdbench_data_for_swat303
:date 12162016-16:15:04.000 12162016-16:15:05.000
0 0 424 0 7981804 0 54272 0 376854 376854 0 0 0 0
:
:vdbench503_vdbench_data_for_swat303
:date 12162016-16:15:05.000 12162016-16:15:06.000
0 0 351 0 8040785 0 44928 0 534390 534390 0 0 0 0
:
:vdbench503_vdbench_data_for_swat303
:date 12162016-16:15:06.000 12162016-16:15:07.000
0 0 305 0 7889171 0 39040 0 299253 299253 0 0 0 0
:
:vdbench503_vdbench_data_for_swat303
:date 12162016-16:15:07.000 12162016-16:15:08.000
0 0 334 0 8154845 0 42752 0 433453 433453 0 0 0 0
:
:vdbench503_vdbench_data_for_swat303
:date 12162016-16:15:08.000 12162016-16:15:09.000
0 0 405 0 7940057 0 51840 0 227962 227962 0 0 0 0
:
:vdbench503_vdbench_data_for_swat303
:date 12162016-16:15:09.000 12162016-16:15:10.000
0 0 355 0 8074274 0 45440 0 515841 515841 0 0 0 0
:
:vdbench503_vdbench_data_for_swat303
:date 12162016-16:15:10.000 12162016-16:15:11.000
0 0 409 0 7964072 0 52352 0 208249 208249 0 0 0 0
:
:vdbench503_vdbench_data_for_swat303
:date 12162016-16:15:11.000 12162016-16:15:12.000
0 0 204 0 7849281 0 26112 0 322234 322234 0 0 0 0
:
:vdbench503_vdbench_data_for_swat303
:date 12162016-16:15:12.000 12162016-16:15:13.000
0 0 271 0 7923458 0 34688 0 292850 292850 0 0 0 0
:
:vdbench503_vdbench_data_for_swat303
:date 12162016-16:15:13.000 12162016-16:15:14.000
0 0 389 0 8073231 0 49792 0 349130 349130 0 0 0 0
:
:vdbench503_vdbench_data_for_swat303
:date 12162016-16:15:14.000 12162016-16:15:15.000
0 0 454 0 7858871 0 58112 0 211230 211230 0 0 0 0
:
:vdbench503_vdbench_data_for_swat303
:date 12162016-16:15:15.000 12162016-16:15:16.000
0 0 390 0 8273726 0 49920 0 255680 255680 0 0 0 0
:
:vdbench503_vdbench_data_for_swat303
:date 12162016-16:15:16.000 12162016-16:15:17.000
0 0 447 0 8019746 0 57216 0 231014 231014 0 0 0 0
:
:vdbench503_vdbench_data_for_swat303
:date 12162016-16:15:17.000 12162016-16:15:18.000
0 0 395 0 8029527 0 50560 0 235713 235713 0 0 0 0
:
:vdbench503_vdbench_data_for_swat303
:date 12162016-16:15:19.000 12162016-16:15:20.000
0 0 193 0 4274056 0 49408 0 180615 180615 0 0 0 0
:
:vdbench503_vdbench_data_for_swat303
:date 12162016-16:15:20.000 12162016-16:15:21.000
0 0 273 0 7537837 0 69888 0 411820 411820 0 0 0 0
:
:vdbench503_vdbench_data_for_swat303
:date 12162016-16:15:21.000 12162016-16:15:22.000
0 0 293 0 8544617 0 75008 0 317600 317600 0 0 0 0
:
:vdbench503_vdbench_data_for_swat303
:date 12162016-16:15:22.000 12162016-16:15:23.000
0 0 261 0 7659088 0 66816 0 302306 302306 0 0 0 0
:
:vdbench503_vdbench_data_for_swat303
:date 12162016-16:15:23.000 12162016-16:15:24.000
0 0 250 0 8128155 0 64000 0 620185 620185 0 0 0 0
:
:vdbench503_vdbench_data_for_swat303
:date 12162016-16:15:24.000 12162016-16:15:25.000
0 0 298 0 8338441 0 76288 0 463674 463674 0 0 0 0
:
:vdbench503_vdbench_data_for_swat303
:date 12162016-16:15:25.000 12162016-16:15:26.000
0 0 302 0 8033149 0 77312 0 419841 419841 0 0 0 0
:
:vdbench503_vdbench_data_for_swat303
:date 12162016-16:15:26.000 12162016-16:15:27.000
0 0 333 0 7728767 0 85248 0 231347 231347 0 0 0 0
:
:vdbench503_vdbench_data_for_swat303
:date 12162016-16:15:27.000 12162016-16:15:28.000
0 0 316 0 8154888 0 80896 0 426935 426935 0 0 0 0
:
:vdbench503_vdbench_data_for_swat303
:date 12162016-16:15:28.000 12162016-16:15:29.000
0 0 292 0 7787294 0 74752 0 281865 281865 0 0 0 0
:
:vdbench503_vdbench_data_for_swat303
:date 12162016-16:15:29.000 12162016-16:15:30.000
0 0 260 0 8326751 0 66560 0 415537 415537 0 0 0 0
:
:vdbench503_vdbench_data_for_swat303
:date 12162016-16:15:30.000 12162016-16:15:31.000
0 0 357 0 8047023 0 91392 0 224125 224125 0 0 0 0
:
:vdbench503_vdbench_data_for_swat303
:date 12162016-16:15:31.000 12162016-16:15:32.000
0 0 317 0 7710339 0 81152 0 278587 278587 0 0 0 0
:
:vdbench503_vdbench_data_for_swat303
:date 12162016-16:15:32.000 12162016-16:15:33.000
0 0 302 0 8206177 0 77312 0 227993 227993 0 0 0 0
:
:vdbench503_vdbench_data_for_swat303
:date 12162016-16:15:33.000 12162016-16:15:34.000
0 0 307 0 7758486 0 78592 0 342561 342561 0 0 0 0
:
:vdbench503_vdbench_data_for_swat303
:date 12162016-16:15:34.000 12162016-16:15:35.000
0 0 272 0 8289704 0 69632 0 365417 365417 0 0 0 0
:
:vdbench503_vdbench_data_for_swat303
:date 12162016-16:15:35.000 12162016-16:15:36.000
0 0 285 0 7787138 0 72960 0 198968 198968 0 0 0 0
:
:vdbench503_vdbench_data_for_swat303
:date 12162016-16:15:36.000 12162016-16:15:37.000
0 0 268 0 7750860 0 68608 0 408946 408946 0 0 0 0
:
:vdbench503_vdbench_data_for_swat303
:date 12162016-16:15:37.000 12162016-16:15:38.000
0 0 350 0 8306963 0 89600 0 567004 567004 0 0 0 0
:
:vdbench503_vdbench_data_for_swat303
:date 12162016-16:15:38.000 12162016-16:15:39.000
0 0 374 0 7843681 0 95744 0 374057 374057 0 0 0 0
:
:vdbench503_vdbench_data_for_swat303
:date 12162016-16:15:39.000 12162016-16:15:40.000
0 0 302 0 8228865 0 77312 0 383126 383126 0 0 0 0
:
:vdbench503_vdbench_data_for_swat303
:date 12162016-16:15:40.000 12162016-16:15:41.000
0 0 331 0 8068943 0 84736 0 234552 234552 0 0 0 0
:
:vdbench503_vdbench_data_for_swat303
:date 12162016-16:15:41.000 12162016-16:15:42.000
0 0 246 0 7445046 0 62976 0 373191 373191 0 0 0 0
:
:vdbench503_vdbench_data_for_swat303
:date 12162016-16:15:42.000 12162016-16:15:43.000
0 0 360 0 8131007 0 92160 0 1088366 1088366 0 0 0 0
:
:vdbench503_vdbench_data_for_swat303
:date 12162016-16:15:43.000 12162016-16:15:44.000
0 0 347 0 8019948 0 88832 0 601815 601815 0 0 0 0
:
:vdbench503_vdbench_data_for_swat303
:date 12162016-16:15:44.000 12162016-16:15:45.000
0 0 316 0 7560527 0 80896 0 348286 348286 0 0 0 0
:
:vdbench503_vdbench_data_for_swat303
:date 12162016-16:15:45.000 12162016-16:15:46.000
0 0 373 0 8735181 0 95488 0 369883 369883 0 0 0 0
:
:vdbench503_vdbench_data_for_swat303
:date 12162016-16:15:46.000 12162016-16:15:47.000
0 0 309 0 7857242 0 79104 0 247511 247511 0 0 0 0
:
:vdbench503_vdbench_data_for_swat303
:date 12162016-16:15:47.000 12162016-16:15:48.000
0 0 384 0 8080285 0 98304 0 385211 385211 0 0 0 0
:
:vdbench503_vdbench_data_for_swat303
:date 12162016-16:15:48.000 12162016-16:15:49.000
0 0 413 0 8084365 0 105728 0 214635 214635 0 0 0 0
:
:vdbench503_vdbench_data_for_swat303
:date 12162016-16:15:50.000 12162016-16:15:51.000
0 0 135 0 5056233 0 69120 0 220582 220582 0 0 0 0
:
:vdbench503_vdbench_data_for_swat303
:date 12162016-16:15:51.000 12162016-16:15:52.000
0 0 211 0 7980596 0 108032 0 408282 408282 0 0 0 0
:
:vdbench503_vdbench_data_for_swat303
:date 12162016-16:15:52.000 12162016-16:15:53.000
0 0 184 0 8155875 0 94208 0 374515 374515 0 0 0 0
:
:vdbench503_vdbench_data_for_swat303
:date 12162016-16:15:53.000 12162016-16:15:54.000
0 0 202 0 7831292 0 103424 0 327187 327187 0 0 0 0
:
:vdbench503_vdbench_data_for_swat303
:date 12162016-16:15:54.000 12162016-16:15:55.000
0 0 204 0 8108750 0 104448 0 258067 258067 0 0 0 0
:
:vdbench503_vdbench_data_for_swat303
:date 12162016-16:15:55.000 12162016-16:15:56.000
0 0 189 0 7873059 0 96768 0 353296 353296 0 0 0 0
:
:vdbench503_vdbench_data_for_swat303
:date 12162016-16:15:56.000 12162016-16:15:57.000
0 0 234 0 8224217 0 119808 0 458895 458895 0 0 0 0
:
:vdbench503_vdbench_data_for_swat303
:date 12162016-16:15:57.000 12162016-16:15:58.000
0 0 187 0 7852453 0 95744 0 330151 330151 0 0 0 0
:
:vdbench503_vdbench_data_for_swat303
:date 12162016-16:15:58.000 12162016-16:15:59.000
0 0 215 0 8116643 0 110080 0 309180 309180 0 0 0 0
:
:vdbench503_vdbench_data_for_swat303
:date 12162016-16:15:59.000 12162016-16:16:00.000
0 0 229 0 7729525 0 117248 0 287102 287102 0 0 0 0
:
:vdbench503_vdbench_data_for_swat303
:date 12162016-16:16:00.000 12162016-16:16:01.000
0 0 222 0 8110512 0 113664 0 316251 316251 0 0 0 0
:
:vdbench503_vdbench_data_for_swat303
:date 12162016-16:16:01.000 12162016-16:16:02.000
0 0 206 0 8076677 0 105472 0 265953 265953 0 0 0 0
:
:vdbench503_vdbench_data_for_swat303
:date 12162016-16:16:02.000 12162016-16:16:03.000
0 0 227 0 8122670 0 116224 0 320114 320114 0 0 0 0
:
:vdbench503_vdbench_data_for_swat303
:date 12162016-16:16:03.000 12162016-16:16:04.000
0 0 214 0 7645936 0 109568 0 303756 303756 0 0 0 0
:
:vdbench503_vdbench_data_for_swat303
:date 12162016-16:16:04.000 12162016-16:16:05.000
0 0 159 0 8095643 0 81408 0 411976 411976 0 0 0 0
:
:vdbench503_vdbench_data_for_swat303
:date 12162016-16:16:05.000 12162016-16:16:06.000
0 0 213 0 8001704 0 109056 0 297268 297268 0 0 0 0
:
:vdbench503_vdbench_data_for_swat303
:date 12162016-16:16:06.000 12162016-16:16:07.000
0 0 271 0 7973916 0 138752 0 413908 413908 0 0 0 0
:
:vdbench503_vdbench_data_for_swat303
:date 12162016-16:16:07.000 12162016-16:16:08.000
0 0 266 0 8025592 0 136192 0 273782 273782 0 0 0 0
:
:vdbench503_vdbench_data_for_swat303
:date 12162016-16:16:08.000 12162016-16:16:09.000
0 0 225 0 8111699 0 115200 0 372411 372411 0 0 0 0
:
:vdbench503_vdbench_data_for_swat303
:date 12162016-16:16:09.000 12162016-16:16:10.000
0 0 216 0 8078570 0 110592 0 228213 228213 0 0 0 0
:
:vdbench503_vdbench_data_for_swat303
:date 12162016-16:16:10.000 12162016-16:16:11.000
0 0 224 0 7896989 0 114688 0 318455 318455 0 0 0 0
:
:vdbench503_vdbench_data_for_swat303
:date 12162016-16:16:11.000 12162016-16:16:12.000
0 0 274 0 8025866 0 140288 0 298865 298865 0 0 0 0
:
:vdbench503_vdbench_data_for_swat303
:date 12162016-16:16:12.000 12162016-16:16:13.000
0 0 246 0 7943396 0 125952 0 294067 294067 0 0 0 0
:
:vdbench503_vdbench_data_for_swat303
:date 12162016-16:16:13.000 12162016-16:16:14.000
0 0 262 0 8226518 0 134144 0 316020 316020 0 0 0 0
:
:vdbench503_vdbench_data_for_swat303
:date 12162016-16:16:14.000 12162016-16:16:15.000
0 0 219 0 7695333 0 112128 0 281162 281162 0 0 0 0
:
:vdbench503_vdbench_data_for_swat303
:date 12162016-16:16:15.000 12162016-16:16:16.000
0 0 264 0 8526185 0 135168 0 271660 271660 0 0 0 0
:
:vdbench503_vdbench_data_for_swat303
:date 12162016-16:16:16.000 12162016-16:16:17.000
0 0 138 0 7524830 0 70656 0 295857 295857 0 0 0 0
:
:vdbench503_vdbench_data_for_swat303
:date 12162016-16:16:17.000 12162016-16:16:18.000
0 0 225 0 8100228 0 115200 0 329051 329051 0 0 0 0
:
:vdbench503_vdbench_data_for_swat303
:date 12162016-16:16:18.000 12162016-16:16:19.000
0 0 221 0 7806977 0 113152 0 378104 378104 0 0 0 0
:
:vdbench503_vdbench_data_for_swat303
:date 12162016-16:16:19.000 12162016-16:16:20.000
0 0 232 0 8310965 0 118784 0 440137 440137 0 0 0 0
:
:vdbench503_vdbench_data_for_swat303
:date 12162016-16:16:21.000 12162016-16:16:22.000
0 0 57 0 4364933 0 58368 0 333257 333257 0 0 0 0
:
:vdbench503_vdbench_data_for_swat303
:date 12162016-16:16:22.000 12162016-16:16:23.000
0 0 121 0 7767484 0 123904 0 280108 280108 0 0 0 0
:
:vdbench503_vdbench_data_for_swat303
:date 12162016-16:16:23.000 12162016-16:16:24.000
0 0 125 0 8123962 0 128000 0 528763 528763 0 0 0 0
:
:vdbench503_vdbench_data_for_swat303
:date 12162016-16:16:24.000 12162016-16:16:25.000
0 0 132 0 8052443 0 135168 0 463064 463064 0 0 0 0
:
:vdbench503_vdbench_data_for_swat303
:date 12162016-16:16:25.000 12162016-16:16:26.000
0 0 140 0 7851806 0 143360 0 333307 333307 0 0 0 0
:
:vdbench503_vdbench_data_for_swat303
:date 12162016-16:16:26.000 12162016-16:16:27.000
0 0 100 0 8216582 0 102400 0 443057 443057 0 0 0 0
:
:vdbench503_vdbench_data_for_swat303
:date 12162016-16:16:27.000 12162016-16:16:28.000
0 0 170 0 8052137 0 174080 0 427747 427747 0 0 0 0
:
:vdbench503_vdbench_data_for_swat303
:date 12162016-16:16:28.000 12162016-16:16:29.000
0 0 156 0 8013737 0 159744 0 305787 305787 0 0 0 0
:
:vdbench503_vdbench_data_for_swat303
:date 12162016-16:16:29.000 12162016-16:16:30.000
0 0 148 0 7865907 0 151552 0 318115 318115 0 0 0 0
:
:vdbench503_vdbench_data_for_swat303
:date 12162016-16:16:30.000 12162016-16:16:31.000
0 0 148 0 8113816 0 151552 0 278759 278759 0 0 0 0
:
:vdbench503_vdbench_data_for_swat303
:date 12162016-16:16:31.000 12162016-16:16:32.000
0 0 154 0 8018268 0 157696 0 467447 467447 0 0 0 0
:
:vdbench503_vdbench_data_for_swat303
:date 12162016-16:16:32.000 12162016-16:16:33.000
0 0 137 0 8054633 0 140288 0 375518 375518 0 0 0 0
:
:vdbench503_vdbench_data_for_swat303
:date 12162016-16:16:33.000 12162016-16:16:34.000
0 0 136 0 7440173 0 139264 0 385184 385184 0 0 0 0
:
:vdbench503_vdbench_data_for_swat303
:date 12162016-16:16:34.000 12162016-16:16:35.000
0 0 182 0 8661430 0 186368 0 357585 357585 0 0 0 0
:
:vdbench503_vdbench_data_for_swat303
:date 12162016-16:16:35.000 12162016-16:16:36.000
0 0 167 0 7509522 0 171008 0 610495 610495 0 0 0 0
:
:vdbench503_vdbench_data_for_swat303
:date 12162016-16:16:36.000 12162016-16:16:37.000
0 0 177 0 8275776 0 181248 0 337902 337902 0 0 0 0
:
:vdbench503_vdbench_data_for_swat303
:date 12162016-16:16:37.000 12162016-16:16:38.000
0 0 194 0 7915429 0 198656 0 299638 299638 0 0 0 0
:
:vdbench503_vdbench_data_for_swat303
:date 12162016-16:16:38.000 12162016-16:16:39.000
0 0 165 0 7816423 0 168960 0 323247 323247 0 0 0 0
:
:vdbench503_vdbench_data_for_swat303
:date 12162016-16:16:39.000 12162016-16:16:40.000
0 0 154 0 8366496 0 157696 0 336744 336744 0 0 0 0
:
:vdbench503_vdbench_data_for_swat303
:date 12162016-16:16:40.000 12162016-16:16:41.000
0 0 232 0 7968698 0 237568 0 617385 617385 0 0 0 0
:
:vdbench503_vdbench_data_for_swat303
:date 12162016-16:16:41.000 12162016-16:16:42.000
0 0 182 0 7542537 0 186368 0 433797 433797 0 0 0 0
:
:vdbench503_vdbench_data_for_swat303
:date 12162016-16:16:42.000 12162016-16:16:43.000
0 0 230 0 8244628 0 235520 0 368374 368374 0 0 0 0
:
:vdbench503_vdbench_data_for_swat303
:date 12162016-16:16:43.000 12162016-16:16:44.000
0 0 197 0 8253766 0 201728 0 402706 402706 0 0 0 0
:
:vdbench503_vdbench_data_for_swat303
:date 12162016-16:16:44.000 12162016-16:16:45.000
0 0 189 0 7590996 0 193536 0 301680 301680 0 0 0 0
:
:vdbench503_vdbench_data_for_swat303
:date 12162016-16:16:45.000 12162016-16:16:46.000
0 0 246 0 7861695 0 251904 0 322344 322344 0 0 0 0
:
:vdbench503_vdbench_data_for_swat303
:date 12162016-16:16:46.000 12162016-16:16:47.000
0 0 169 0 7620247 0 173056 0 373446 373446 0 0 0 0
:
:vdbench503_vdbench_data_for_swat303
:date 12162016-16:16:47.000 12162016-16:16:48.000
0 0 227 0 8737685 0 232448 0 503687 503687 0 0 0 0
:
:vdbench503_vdbench_data_for_swat303
:date 12162016-16:16:48.000 12162016-16:16:49.000
0 0 282 0 8050636 0 288768 0 530213 530213 0 0 0 0
:
:vdbench503_vdbench_data_for_swat303
:date 12162016-16:16:49.000 12162016-16:16:50.000
0 0 293 0 8214002 0 300032 0 327360 327360 0 0 0 0
:
:vdbench503_vdbench_data_for_swat303
:date 12162016-16:16:50.000 12162016-16:16:51.000
0 0 261 0 7585114 0 267264 0 443164 443164 0 0 0 0
:
:vdbench503_vdbench_data_for_swat303
:date 12162016-16:16:54.000 12162016-16:16:55.000
0 0 139 0 5498770 0 284672 0 347844 347844 0 0 0 0
:
:vdbench503_vdbench_data_for_swat303
:date 12162016-16:16:55.000 12162016-16:16:56.000
0 0 165 0 8403788 0 337920 0 387463 387463 0 0 0 0
:
:vdbench503_vdbench_data_for_swat303
:date 12162016-16:16:56.000 12162016-16:16:57.000
0 0 220 0 7483207 0 450560 0 383031 383031 0 0 0 0
:
:vdbench503_vdbench_data_for_swat303
:date 12162016-16:16:57.000 12162016-16:16:58.000
0 0 189 0 7854271 0 387072 0 332027 332027 0 0 0 0
:
:vdbench503_vdbench_data_for_swat303
:date 12162016-16:16:58.000 12162016-16:16:59.000
0 0 202 0 8502386 0 413696 0 524459 524459 0 0 0 0
:
:vdbench503_vdbench_data_for_swat303
:date 12162016-16:16:59.000 12162016-16:17:00.000
0 0 232 0 8083570 0 475136 0 393746 393746 0 0 0 0
:
:vdbench503_vdbench_data_for_swat303
:date 12162016-16:17:00.000 12162016-16:17:01.000
0 0 267 0 7758793 0 546816 0 354376 354376 0 0 0 0
:
:vdbench503_vdbench_data_for_swat303
:date 12162016-16:17:01.000 12162016-16:17:02.000
0 0 251 0 7734197 0 514048 0 426208 426208 0 0 0 0
:
:vdbench503_vdbench_data_for_swat303
:date 12162016-16:17:02.000 12162016-16:17:03.000
0 0 278 0 8609764 0 569344 0 529749 529749 0 0 0 0
:
:vdbench503_vdbench_data_for_swat303
:date 12162016-16:17:03.000 12162016-16:17:04.000
0 0 347 0 7785784 0 710656 0 481495 481495 0 0 0 0
:
:vdbench503_vdbench_data_for_swat303
:date 12162016-16:17:04.000 12162016-16:17:05.000
0 0 309 0 7778435 0 632832 0 390864 390864 0 0 0 0
:
:vdbench503_vdbench_data_for_swat303
:date 12162016-16:17:05.000 12162016-16:17:06.000
0 0 483 0 7890550 0 989184 0 416995 416995 0 0 0 0
:
:vdbench503_vdbench_data_for_swat303
:date 12162016-16:17:06.000 12162016-16:17:07.000
0 0 403 0 8200392 0 825344 0 501051 501051 0 0 0 0
:
:vdbench503_vdbench_data_for_swat303
:date 12162016-16:17:07.000 12162016-16:17:08.000
0 0 502 0 7657882 0 1028096 0 630227 630227 0 0 0 0
:
:vdbench503_vdbench_data_for_swat303
:date 12162016-16:17:08.000 12162016-16:17:09.000
0 0 670 0 8311621 0 1372160 0 672982 672982 0 0 0 0
:
:vdbench503_vdbench_data_for_swat303
:date 12162016-16:17:09.000 12162016-16:17:10.000
0 0 790 0 7696791 0 1617920 0 408968 408968 0 0 0 0
:
:vdbench503_vdbench_data_for_swat303
:date 12162016-16:17:10.000 12162016-16:17:11.000
0 0 833 0 8542738 0 1705984 0 443708 443708 0 0 0 0
:
:vdbench503_vdbench_data_for_swat303
:date 12162016-16:17:11.000 12162016-16:17:12.000
0 0 1486 0 7803331 0 3043328 0 377199 377199 0 0 0 0
:
:vdbench503_vdbench_data_for_swat303
:date 12162016-16:17:12.000 12162016-16:17:13.000
0 0 3415 0 8450184 0 6993920 0 342867 342867 0 0 0 0
:
:vdbench503_vdbench_data_for_swat303
:date 12162016-16:17:13.000 12162016-16:17:14.000
0 0 3763 0 8154340 0 7706624 0 389453 389453 0 0 0 0
:
:vdbench503_vdbench_data_for_swat303
:date 12162016-16:17:14.000 12162016-16:17:15.000
0 0 4383 0 7982839 0 8976384 0 33837 33837 0 0 0 0
:
:vdbench503_vdbench_data_for_swat303
:date 12162016-16:17:15.000 12162016-16:17:16.000
0 0 4286 0 7852511 0 8777728 0 39676 39676 0 0 0 0
:
:vdbench503_vdbench_data_for_swat303
:date 12162016-16:17:16.000 12162016-16:17:17.000
0 0 4293 0 7915041 0 8792064 0 96508 96508 0 0 0 0
:
:vdbench503_vdbench_data_for_swat303
:date 12162016-16:17:17.000 12162016-16:17:18.000
0 0 4324 0 7983740 0 8855552 0 45702 45702 0 0 0 0
:
:vdbench503_vdbench_data_for_swat303
:date 12162016-16:17:18.000 12162016-16:17:19.000
0 0 4321 0 7877700 0 8849408 0 29321 29321 0 0 0 0
:
:vdbench503_vdbench_data_for_swat303
:date 12162016-16:17:19.000 12162016-16:17:20.000
0 0 4309 0 7923751 0 8824832 0 31865 31865 0 0 0 0
:
:vdbench503_vdbench_data_for_swat303
:date 12162016-16:17:20.000 12162016-16:17:21.000
0 0 4289 0 7833503 0 8783872 0 41124 41124 0 0 0 0
:
:vdbench503_vdbench_data_for_swat303
:date 12162016-16:17:21.000 12162016-16:17:22.000
0 0 4349 0 7941395 0 8906752 0 55629 55629 0 0 0 0
:
:vdbench503_vdbench_data_for_swat303
:date 12162016-16:17:22.000 12162016-16:17:23.000
0 0 4136 0 7978644 0 8470528 0 43132 43132 0 0 0 0
:
:vdbench503_vdbench_data_for_swat303
:date 12162016-16:17:23.000 12162016-16:17:24.000
0 0 4237 0 7940997 0 8677376 0 32862 32862 0 0 0 0
