:date 12162016-16:11:47.000
:fixed_data
0 0 0 0 sd_s1
:
:vdbench503_vdbench_data_for_swat303
:date 12162016-16:11:48.000 12162016-16:12:32.000
0 0 0 19945 88267928 0 0 5105920 6476341 0 6476341 0 0 0
:
:vdbench503_vdbench_data_for_swat303
:date 12162016-16:12:45.000 12162016-16:13:14.000
0 0 9717 0 232209926 0 77736 0 906983 906983 0 0 0 0
:
:vdbench503_vdbench_data_for_swat303
:date 12162016-16:13:16.000 12162016-16:13:45.000
0 0 12148 0 231651594 0 194368 0 512931 512931 0 0 0 0
:
:vdbench503_vdbench_data_for_swat303
:date 12162016-16:13:47.000 12162016-16:14:16.000
0 0 12287 0 231857199 0 393184 0 793937 793937 0 0 0 0
:
:vdbench503_vdbench_data_for_swat303
:date 12162016-16:14:18.000 12162016-16:14:47.000
0 0 10952 0 231806101 0 700928 0 578497 578497 0 0 0 0
:
:vdbench503_vdbench_data_for_swat303
:date 12162016-16:14:49.000 12162016-16:15:18.000
0 0 10269 0 232047090 0 1314432 0 938086 938086 0 0 0 0
:
:vdbench503_vdbench_data_for_swat303
:date 12162016-16:15:20.000 12162016-16:15:49.000
0 0 9091 0 232150767 0 2327296 0 1088366 1088366 0 0 0 0
:
:vdbench503_vdbench_data_for_swat303
:date 12162016-16:15:51.000 12162016-16:16:20.000
0 0 6379 0 232172616 0 3266048 0 458895 458895 0 0 0 0
:
:vdbench503_vdbench_data_for_swat303
:date 12162016-16:16:22.000 12162016-16:16:51.000
0 0 5214 0 231786028 0 5339136 0 617385 617385 0 0 0 0
:
:vdbench503_vdbench_data_for_swat303
:date 12162016-16:16:55.000 12162016-16:17:24.000
0 0 57732 0 231932145 0 118235136 0 672982 672982 0 0 0 0
