16:00:15.005         1  549438.00  2146.24    4096  66.93    0.007    0.003    0.014   76.853    0.304   3.7  35.2  21.1
16:00:16.040         2  290697.00  1135.54    4096  66.93    0.025    0.003    0.069   34.873    0.567   7.3  22.1  14.0
16:00:17.040         3   93404.00   364.86    4096  66.82    0.083    0.003    0.243   98.992    1.653   7.8   5.6   2.7
16:00:18.040         4   29184.00   114.00    4096  67.14    0.274    0.003    0.826  215.216    4.948   7.9   3.9   1.8
16:00:19.041         5    1512.00     5.91    4096  65.74    1.585    0.002    4.622  939.977   34.450   8.0   2.3   0.8
16:00:20.040         6   24116.00    94.20    4096  67.66    0.528    0.004    1.623  989.177   16.015   7.9   3.4   1.3
16:00:24.970         7   17900.00    69.92    4096  67.00    0.445    0.003    1.343  211.746    7.214   7.1   2.8   1.0
16:00:25.852         8       0.00     0.00       0   0.00    0.000    0.000    0.000    0.000    0.000   0.0   1.0   0.2
16:00:29.296         9       0.00     0.00       0   0.00    0.000    0.000    0.000    0.000    0.000   0.0   1.5   0.3
16:00:29.298        10       0.00     0.00       0   0.00    0.000    0.000    0.000    0.000    0.000   0.0   3.8   1.3
16:00:29.302        11       9.00     0.04    4096 100.00    0.006    0.006    0.000    0.015    0.004   0.6   1.3   0.5
16:00:29.304        12   84952.00   331.84    4096  67.09    0.206    0.018    0.589  885.990    8.772  17.0   1.7   0.5
16:00:29.306        13       0.00     0.00       0   0.00    0.000    0.000    0.000    0.000    0.000   0.0   NaN   NaN
16:00:29.309        14       0.00     0.00       0   0.00    0.000    0.000    0.000    0.000    0.000   0.0   0.0   0.0
16:00:29.312        15       0.00     0.00       0   0.00    0.000    0.000    0.000    0.000    0.000   0.0   NaN   NaN
16:00:30.002        16   46038.00   179.84    4096  67.08    0.165    0.011    0.479  288.397    4.051   7.6   7.3   0.8
16:00:31.040        17   46122.00   180.16    4096  66.98    0.169    0.003    0.506   56.368    2.479   7.9   2.4   0.8
16:00:32.042        18   33775.00   131.93    4096  67.12    0.226    0.004    0.679   91.982    3.221   7.9   2.9   1.3
16:00:33.040        19   20582.00    80.40    4096  66.57    0.388    0.003    1.155  145.376    5.270   7.9   3.4   0.8
16:00:34.040        20   18161.00    70.94    4096  68.02    0.318    0.005    0.985  291.989    5.354   7.9   6.4   1.5
16:00:35.530        21       0.00     0.00       0   0.00    0.000    0.000    0.000    0.000    0.000   8.3   1.0   0.2
16:00:36.002        22   17416.00    68.03    4096  66.78    1.058    0.002    3.180 1895.105   39.742   7.7   2.7   0.8
16:00:37.040        23   31972.00   124.89    4096  66.76    0.244    0.003    0.730   83.644    3.259   7.9   4.2   1.8
16:00:41.176        24   30415.00   118.81    4096  66.80    0.273    0.003    0.816  115.491    3.739   8.1   3.9   0.9
16:00:44.707        25       0.00     0.00       0   0.00    0.000    0.000    0.000    0.000    0.000   0.0   NaN   NaN
16:00:44.714        26       0.00     0.00       0   0.00    0.000    0.000    0.000    0.000    0.000   0.0   NaN   NaN
16:00:44.719        27       8.00     0.03    4096 100.00    0.002    0.002    0.000    0.004    0.001   0.0   0.0   0.0
16:00:44.721        28       0.00     0.00       0   0.00    0.000    0.000    0.000    0.000    0.000   6.9   1.7   0.9
16:00:44.723        29       0.00     0.00       0   0.00    0.000    0.000    0.000    0.000    0.000   8.3   1.7   0.7
16:00:44.725        30       0.00     0.00       0   0.00    0.000    0.000    0.000    0.000    0.000   8.0   0.5   0.3
16:00:46.905        31   27112.52   105.91    4096  66.99    0.172    0.005    0.509 1895.105    7.755   5.5   3.5   1.3