16:00:56.617         1   97886.00   382.37    4096  50.10    0.072    0.002    0.142   59.455    1.370   7.2   3.4   1.1
16:00:59.440         2  135141.00   527.89    4096  50.05    0.185    0.002    0.367   91.129    2.325  25.1   4.8   1.4
16:01:04.436         3       0.00     0.00       0   0.00    0.000    0.000    0.000    0.000    0.000   0.0   NaN   NaN
16:01:04.439         4       0.00     0.00       0   0.00    0.000    0.000    0.000    0.000    0.000   0.0   NaN   NaN
16:01:04.441         5       0.00     0.00       0   0.00    0.000    0.000    0.000    0.000    0.000   0.0   NaN   NaN
16:01:04.444         6       0.00     0.00       0   0.00    0.000    0.000    0.000    0.000    0.000   0.0   NaN   NaN
16:01:04.447         7    8926.00    34.87    4096  49.66    0.070    0.003    0.136   59.713    1.643   1.2   8.6   5.2
16:01:04.450         8       1.00     0.00    4096   0.00  474.287    0.000  474.287  474.287    0.000   8.0   4.8   0.8
16:01:04.454         9       0.00     0.00       0   0.00    0.000    0.000    0.000    0.000    0.000   8.0   5.3   1.8
16:01:04.457        10       0.00     0.00       0   0.00    0.000    0.000    0.000    0.000    0.000   8.0   5.1   1.3
16:01:04.460        11       0.00     0.00       0   0.00    0.000    0.000    0.000    0.000    0.000   8.0   4.8   1.3
16:01:04.463        12       0.00     0.00       0   0.00    0.000    0.000    0.000    0.000    0.000   8.0   5.0   2.3
16:01:05.002        13    2525.00     9.86    4096  50.73   17.201    0.002   34.913 5486.225  305.083   6.3  11.6   1.6
16:01:06.002        14   84686.00   330.80    4096  50.16    0.128    0.015    0.242  567.011    5.678   7.9   7.6   3.9
16:01:07.040        15   45233.00   176.69    4096  49.97    0.175    0.002    0.348   59.716    2.217   8.0   2.4   1.6
16:01:08.040        16   31193.00   121.85    4096  49.85    0.257    0.002    0.511   59.763    3.001   8.0   5.0   2.1
16:01:09.040        17   25368.00    99.09    4096  50.47    0.313    0.002    0.630   81.855    3.705   8.0   3.4   1.0
16:01:10.041        18   28870.00   112.77    4096  49.92    0.286    0.003    0.569  121.975    3.729   8.3   3.5   1.5
16:01:11.044        19    4295.00    16.78    4096  50.99    1.770    0.002    3.609  775.723   31.995   7.7   7.3   0.8
16:01:12.040        20   27623.00   107.90    4096  50.10    0.290    0.002    0.578   78.181    3.468   7.9   4.9   1.8
16:01:13.040        21   29116.00   113.73    4096  50.09    0.278    0.002    0.555   79.648    3.337   8.0   2.9   0.5
16:01:14.040        22   29030.00   113.40    4096  49.86    0.268    0.002    0.533   79.760    3.418   8.0   2.9   0.5
16:01:18.695        23   18242.00    71.26    4096  49.88    0.437    0.002    0.870  119.769    4.649   8.0   3.4   1.0
16:01:18.696        24   17628.00    68.86    4096  50.35    0.265    0.002    0.531   95.768    3.617   8.3   2.5   1.0
16:01:18.698        25       0.00     0.00       0   0.00    0.000    0.000    0.000    0.000    0.000   8.0   3.0   0.8
16:01:18.699        26       0.00     0.00       0   0.00    0.000    0.000    0.000    0.000    0.000   8.0   0.8   0.3
16:01:19.003        27   14886.00    58.15    4096  49.94    1.835    0.002    3.663 3009.197   69.241   7.7   5.1   0.8
16:01:20.040        28   28645.00   111.89    4096  49.61    0.277    0.002    0.548   80.050    3.281   8.0   2.6   0.5
16:01:21.043        29   13973.00    54.58    4096  50.50    0.302    0.002    0.608   80.050    3.602   4.8   3.5   1.3
16:01:22.007        30       0.00     0.00       0   0.00    0.000    0.000    0.000    0.000    0.000   8.0   2.8   0.3
16:01:26.618        31   21442.23    83.76    4096  50.06    0.316    0.004    0.628 5486.225   22.259   7.1   4.2   1.2