16:01:30.003         1   63271.00   247.15    4096  32.75    0.069    0.002    0.102   77.124    1.567   4.6   3.3   1.0
16:01:31.040         2   32574.00   127.24    4096  32.88    0.246    0.002    0.366  124.430    3.406   8.0   2.1   0.5
16:01:32.500         3   20202.00    78.91    4096  33.36    0.392    0.002    0.587   79.873    3.922   8.0   1.3   0.5
16:01:33.002         4   10983.00    42.90    4096  32.95    0.421    0.009    0.623   82.998    4.254   4.5   1.8   1.0
16:01:34.040         5   19345.00    75.57    4096  32.93    0.413    0.002    0.614   83.721    4.311   8.0   1.8   0.5
16:01:35.040         6   17949.00    70.11    4096  33.58    0.442    0.002    0.665   79.633    4.439   8.0   2.6   1.0
16:01:36.040         7   20521.00    80.16    4096  32.85    0.383    0.002    0.569   96.547    4.436   8.0   5.2   0.8
16:01:37.040         8   13084.00    51.11    4096  33.38    0.617    0.002    0.925  131.638    5.895   8.0   2.6   1.0
16:01:38.044         9   14658.00    57.26    4096  33.14    0.301    0.002    0.449  175.095    4.183   8.0   3.8   1.5
16:01:39.003        10    5249.00    20.50    4096  32.44    2.207    0.631    2.965 1158.551   43.335   8.0   1.8   0.8
16:01:40.040        11   15040.00    58.75    4096  33.20    0.529    0.002    0.791   96.000    5.410   8.0   3.4   0.3
16:01:41.040        12    9744.00    38.06    4096  33.10    0.806    0.002    1.203   71.983    6.535   8.0   1.3   0.3
16:01:42.039        13   15484.00    60.48    4096  33.25    0.534    0.002    0.798  119.689    5.284   8.0   1.6   0.3
16:01:43.040        14    8218.00    32.10    4096  33.01    0.323    0.002    0.481   82.358    3.906   3.5   3.3   2.5
16:01:44.002        15   11658.00    45.54    4096  32.60    0.748    0.097    1.063  401.787   10.934   8.0   6.4   5.7
16:01:45.040        16   22936.00    89.59    4096  32.99    0.341    0.002    0.508  119.575    4.255   8.0   6.8   5.5
16:01:46.040        17   18903.00    73.84    4096  32.89    0.434    0.002    0.646  119.777    4.944   8.0   7.8   6.5
16:01:47.040        18   14697.00    57.41    4096  33.41    0.538    0.002    0.807  111.880    6.080   8.0   5.7   5.1
16:01:48.039        19   16768.00    65.50    4096  33.07    0.309    0.002    0.461  119.542    4.469   5.1   3.8   2.8
16:01:49.039        20    1931.00     7.54    4096  31.54    1.244    0.002    1.817  251.288    9.766   8.0   1.0   0.3
16:01:51.303        21       0.00     0.00       0   0.00    0.000    0.000    0.000    0.000    0.000   8.3   2.2   1.0
16:01:51.304        22       0.00     0.00       0   0.00    0.000    0.000    0.000    0.000    0.000   8.0   1.0   0.3
16:01:52.002        23   13197.00    51.55    4096  32.65    2.233    0.002    3.315 3099.605   75.069   7.7   1.6   0.3
16:01:53.040        24   21887.00    85.50    4096  33.87    0.365    0.002    0.551   79.622    3.909   8.0   2.1   1.0
16:01:54.040        25   12783.00    49.93    4096  32.82    0.336    0.002    0.499   59.885    3.603   8.0   1.8   0.5
16:01:55.040        26    3983.00    15.56    4096  32.06    3.018    0.002    4.441 1358.833   60.021   8.3   2.7   0.7
16:01:56.039        27   20755.00    81.07    4096  32.87    0.374    0.002    0.556   66.905    4.063   7.7   1.3   0.8
16:01:57.040        28   12416.00    48.50    4096  33.01    0.641    0.120    0.898  539.561   13.664   8.0   2.6   1.3
16:01:58.792        29   22672.00    88.56    4096  32.86    0.367    0.002    0.545   79.735    3.832   8.3   2.5   1.0
16:01:59.003        30   18765.00    73.30    4096  32.65    0.397    0.002    0.589   95.698    4.487   7.7   1.3   0.5
16:01:59.007        31   14358.69    56.09    4096  33.03    0.530    0.016    0.783 3099.605   16.252   7.6   2.9   1.5