16:02:01.003         1    1183.00     4.62    4096   0.00    1.523    0.000    1.523   79.960    8.748   2.0   3.7   0.9
16:02:03.898         2    9675.00    37.79    4096   0.00    0.719    0.000    0.719   83.825    5.690   6.8   2.5   1.0
16:02:03.992         3       0.00     0.00       0   0.00    0.000    0.000    0.000    0.000    0.000   0.0   1.2   0.7
16:02:04.033         4     541.00     2.11    4096   0.00    1.613    0.000    1.613  111.280   12.359   1.1   2.0   0.8
16:02:05.040         5   19966.00    77.99    4096   0.00    0.390    0.000    0.390   71.617    3.951   7.7   3.0   0.8
16:02:06.039         6   18364.00    71.73    4096   0.00    0.301    0.000    0.301   79.785    3.524   5.6   4.3   3.0
16:02:09.185         7    3342.00    13.05    4096   0.00    0.954    0.000    0.954   79.780    7.138   3.0   1.0   0.3
16:02:09.288         8       0.00     0.00       0   0.00    0.000    0.000    0.000    0.000    0.000   0.0   2.0   0.5
16:02:09.289         9       0.00     0.00       0   0.00    0.000    0.000    0.000    0.000    0.000   0.0   0.5   0.5
16:02:10.002        10   12108.00    47.30    4096   0.00    0.532    0.000    0.532  151.387    5.934   6.5   4.9   1.1
16:02:11.039        11   21173.00    82.71    4096   0.00    0.368    0.000    0.368   64.184    3.654   8.0   2.1   0.8
16:02:12.040        12   19571.00    76.45    4096   0.00    0.410    0.000    0.410   80.637    4.118   8.0   2.9   1.0
16:02:13.055        13    4810.00    18.79    4096   0.00    1.043    0.000    1.043  102.446    7.958   8.0   1.5   0.5
16:02:14.002        14   13202.00    51.57    4096   0.00    0.837    0.000    0.837  502.986   12.608   8.0   2.1   0.8
16:02:15.039        15    3037.00    11.86    4096   0.00    0.545    0.000    0.545   95.802    5.692   8.0   3.1   1.0
16:02:17.339        16       0.00     0.00       0   0.00    0.000    0.000    0.000    0.000    0.000   8.3   2.4   0.7
16:02:17.340        17       0.00     0.00       0   0.00    0.000    0.000    0.000    0.000    0.000   8.0   2.8   0.5
16:02:18.002        18    4630.00    18.09    4096   0.00    6.234    0.000    6.234 3194.130  132.777   6.1   2.4   0.5
16:02:19.002        19   17237.00    67.33    4096   0.00    0.455    0.000    0.455   99.734    4.340   8.0   1.8   1.0
16:02:20.039        20   16080.00    62.81    4096   0.00    0.499    0.000    0.499   79.771    4.832   8.0   2.8   1.8
16:02:21.039        21   16556.00    64.67    4096   0.00    0.489    0.000    0.489   79.787    4.673   8.0   1.8   1.0
16:02:22.039        22    8462.00    33.05    4096   0.00    0.933    0.000    0.933   81.576    6.868   8.0   0.5   0.0
16:02:25.056        23    9232.00    36.06    4096   0.00    0.888    0.000    0.888  275.766    9.818   8.3   1.7   0.7
16:02:25.058        24   14795.00    57.79    4096   0.00    0.546    0.000    0.546   95.794    5.443   8.0   2.6   1.0
16:02:25.060        25   12239.00    47.81    4096   0.00    0.486    0.000    0.486  111.787    5.244   6.1   6.4   2.3
16:02:26.041        26   13300.00    51.95    4096   0.00    0.569    0.000    0.569  315.426    8.767   7.6   3.8   1.9
16:02:27.004        27    5997.00    23.43    4096   0.00    1.327    0.000    1.327  127.759   10.071   8.0   2.8   1.8
16:02:32.493        28    8888.00    34.72    4096   0.00    0.922    0.000    0.922  123.090    7.528   8.0   3.3   1.5
16:02:32.612        29    8934.00    34.90    4096   0.00    0.923    0.000    0.923  111.801    7.559   8.3   0.5   0.2
16:02:32.613        30    2999.00    11.71    4096   0.00    1.872    0.000    1.872  214.457   13.669   5.4   1.0   0.3
16:02:32.615  avg_2-30    9142.69    35.71    4096   0.00    0.697    0.000    0.697 3194.130   18.703   6.4   2.4   1.0